-4.898333333333335	0.014666666666666675
-4.878333333333332	0.015000000000000008
-4.8583333333333325	0.014000000000000007
-4.838333333333334	0.01433333333333334
-4.818333333333337	0.014666666666666675
-4.798333333333333	0.014666666666666675
-4.778333333333334	0.016000000000000007
-4.758333333333335	0.014666666666666675
-4.738333333333333	0.014666666666666675
-4.718333333333332	0.01433333333333334
-4.698333333333333	0.015000000000000008
-4.678333333333336	0.015000000000000008
-4.658333333333332	0.015333333333333341
-4.638333333333334	0.014000000000000007
-4.618333333333334	0.015000000000000008
-4.598333333333333	0.01333333333333334
-4.578333333333333	0.014666666666666675
-4.558333333333334	0.014000000000000007
-4.538333333333336	0.014666666666666675
-4.518333333333332	0.014666666666666675
-4.498333333333333	0.015000000000000008
-4.478333333333334	0.014666666666666675
-4.458333333333332	0.015000000000000008
-4.438333333333333	0.014666666666666675
-4.418333333333333	0.013666666666666674
-4.398333333333335	0.01433333333333334
-4.378333333333331	0.014000000000000007
-4.3583333333333325	0.014000000000000007
-4.338333333333334	0.014666666666666675
-4.318333333333336	0.014000000000000007
-4.298333333333332	0.01433333333333334
-4.278333333333334	0.014666666666666675
-4.258333333333335	0.015666666666666676
-4.2383333333333315	0.015333333333333341
-4.218333333333333	0.015666666666666676
-4.198333333333334	0.014666666666666675
-4.178333333333336	0.01433333333333334
-4.158333333333331	0.01433333333333334
-4.138333333333334	0.015000000000000008
-4.118333333333335	0.01433333333333334
-4.098333333333333	0.015333333333333341
-4.078333333333333	0.015666666666666676
-4.058333333333334	0.014666666666666675
-4.038333333333336	0.014666666666666675
-4.018333333333331	0.015666666666666676
-3.9983333333333335	0.015333333333333341
-3.9783333333333344	0.015666666666666676
-3.958333333333332	0.015000000000000008
-3.9383333333333326	0.015000000000000008
-3.918333333333333	0.015000000000000008
-3.8983333333333356	0.015666666666666672
-3.8783333333333307	0.014666666666666675
-3.8583333333333334	0.015666666666666676
-3.8383333333333334	0.014666666666666675
-3.818333333333336	0.015333333333333341
-3.7983333333333325	0.014666666666666675
-3.7783333333333324	0.016000000000000007
-3.758333333333335	0.014666666666666675
-3.7383333333333306	0.014666666666666675
-3.7183333333333337	0.015666666666666676
-3.6983333333333333	0.015000000000000008
-3.6783333333333355	0.01433333333333334
-3.658333333333332	0.01433333333333334
-3.6383333333333323	0.015000000000000008
-3.618333333333334	0.015333333333333341
-3.598333333333331	0.015000000000000008
-3.578333333333333	0.015000000000000008
-3.5583333333333336	0.014000000000000007
-3.5383333333333358	0.015000000000000008
-3.5183333333333318	0.015333333333333341
-3.498333333333334	0.015666666666666676
-3.478333333333334	0.015333333333333341
-3.458333333333333	0.014666666666666675
-3.4383333333333326	0.014000000000000007
-3.418333333333333	0.014666666666666675
-3.3983333333333343	0.013666666666666674
-3.378333333333331	0.01433333333333334
-3.3583333333333334	0.015000000000000008
-3.3383333333333334	0.014666666666666675
-3.318333333333335	0.015333333333333341
-3.2983333333333325	0.015000000000000008
-3.2783333333333324	0.015000000000000008
-3.2583333333333337	0.01433333333333334
-3.238333333333332	0.014666666666666675
-3.2183333333333337	0.015333333333333341
-3.198333333333333	0.015000000000000008
-3.1783333333333346	0.015333333333333341
-3.158333333333332	0.015000000000000008
-3.1383333333333323	0.014666666666666675
-3.118333333333333	0.015000000000000008
-3.0983333333333314	0.016000000000000007
-3.078333333333333	0.015000000000000008
-3.0583333333333336	0.015333333333333341
-3.0383333333333344	0.015333333333333341
-3.0183333333333326	0.015666666666666676
-2.9983333333333335	0.015666666666666676
-2.978333333333334	0.015000000000000008
-2.958333333333333	0.015000000000000008
-2.9383333333333326	0.013666666666666674
-2.918333333333333	0.015333333333333341
-2.898333333333334	0.014666666666666675
-2.8783333333333325	0.014000000000000007
-2.858333333333333	0.014666666666666675
-2.8383333333333334	0.014666666666666675
-2.818333333333334	0.015333333333333341
-2.7983333333333325	0.015333333333333341
-2.778333333333333	0.015666666666666676
-2.758333333333333	0.014666666666666675
-2.7383333333333333	0.014000000000000007
-2.718333333333333	0.014000000000000007
-2.698333333333333	0.01433333333333334
-2.6783333333333332	0.015000000000000006
-2.658333333333332	0.015333333333333341
-2.6383333333333336	0.013000000000000006
-2.6183333333333323	0.015000000000000008
-2.5983333333333327	0.013000000000000006
-2.5783333333333327	0.015333333333333341
-2.5583333333333336	0.014000000000000007
-2.538333333333333	0.015000000000000008
-2.5183333333333335	0.014666666666666675
-2.498333333333333	0.013666666666666674
-2.478333333333334	0.014000000000000007
-2.458333333333334	0.015000000000000008
-2.438333333333332	0.01433333333333334
-2.4183333333333334	0.01433333333333334
-2.398333333333333	0.015333333333333341
-2.378333333333333	0.015666666666666672
-2.3583333333333325	0.014000000000000007
-2.338333333333334	0.014000000000000007
-2.3183333333333334	0.014666666666666675
-2.298333333333332	0.01433333333333334
-2.278333333333333	0.014000000000000007
-2.2583333333333324	0.01433333333333334
-2.2383333333333337	0.015666666666666676
-2.218333333333333	0.014000000000000005
-2.1983333333333333	0.016000000000000007
-2.178333333333333	0.014333333333333339
-2.158333333333332	0.014666666666666675
-2.138333333333333	0.014666666666666675
-2.1183333333333323	0.014000000000000007
-2.0983333333333336	0.015333333333333341
-2.0783333333333327	0.015000000000000008
-2.058333333333334	0.015000000000000008
-2.038333333333333	0.015666666666666676
-2.0183333333333335	0.01433333333333334
-1.9983333333333326	0.015000000000000008
-1.978333333333334	0.014666666666666672
-1.9583333333333333	0.015666666666666676
-1.9383333333333321	0.014666666666666675
-1.918333333333334	0.015333333333333341
-1.898333333333333	0.015666666666666676
-1.8783333333333343	0.015000000000000008
-1.8583333333333325	0.016000000000000007
-1.8383333333333338	0.015333333333333341
-1.818333333333333	0.015333333333333341
-1.7983333333333322	0.015333333333333341
-1.7783333333333333	0.015333333333333341
-1.7583333333333329	0.015666666666666676
-1.7383333333333337	0.015666666666666676
-1.718333333333333	0.015333333333333341
-1.6983333333333333	0.01433333333333334
-1.6783333333333328	0.014000000000000007
-1.6583333333333337	0.014666666666666675
-1.638333333333333	0.015666666666666676
-1.6183333333333327	0.015000000000000008
-1.5983333333333336	0.01433333333333334
-1.5783333333333334	0.01433333333333334
-1.558333333333334	0.015000000000000008
-1.538333333333333	0.015333333333333341
-1.518333333333333	0.015666666666666676
-1.4983333333333326	0.014000000000000007
-1.4783333333333335	0.014666666666666675
-1.4583333333333333	0.014666666666666675
-1.4383333333333335	0.014666666666666675
-1.418333333333334	0.013666666666666674
-1.3983333333333337	0.014666666666666675
-1.3783333333333332	0.014666666666666675
-1.3583333333333327	0.015333333333333341
-1.338333333333333	0.014000000000000007
-1.318333333333333	0.015000000000000008
-1.2983333333333333	0.015333333333333341
-1.2783333333333333	0.015666666666666676
-1.2583333333333337	0.015333333333333341
-1.2383333333333337	0.015000000000000008
-1.2183333333333328	0.015000000000000008
-1.1983333333333326	0.014000000000000005
-1.178333333333333	0.015000000000000008
-1.1583333333333328	0.014666666666666675
-1.1383333333333332	0.015333333333333341
-1.1183333333333334	0.015000000000000008
-1.0983333333333336	0.015000000000000008
-1.078333333333334	0.015333333333333341
-1.0583333333333338	0.015333333333333341
-1.0383333333333329	0.01433333333333334
-1.018333333333333	0.015666666666666676
-0.9983333333333333	0.014666666666666675
-0.978333333333333	0.015666666666666676
-0.9583333333333333	0.014666666666666675
-0.9383333333333336	0.015666666666666676
-0.9183333333333339	0.014666666666666675
-0.8983333333333335	0.015000000000000008
-0.8783333333333327	0.01333333333333334
-0.8583333333333331	0.01433333333333334
-0.8383333333333334	0.015000000000000008
-0.818333333333333	0.014000000000000007
-0.7983333333333331	0.015000000000000008
-0.7783333333333334	0.015666666666666676
-0.7583333333333334	0.015000000000000008
-0.7383333333333331	0.013666666666666674
-0.7183333333333329	0.01433333333333334
-0.6983333333333334	0.014666666666666675
-0.6783333333333332	0.013666666666666674
-0.6583333333333329	0.013666666666666674
-0.6383333333333332	0.015000000000000008
-0.6183333333333334	0.01433333333333334
-0.598333333333333	0.01366666666666667
-0.5783333333333333	0.013666666666666674
-0.5583333333333333	0.015000000000000008
-0.5383333333333333	0.01433333333333334
-0.5183333333333338	0.014666666666666675
-0.49833333333333313	0.014666666666666675
-0.47833333333333333	0.014000000000000007
-0.4583333333333333	0.015333333333333341
-0.4383333333333337	0.015666666666666676
-0.41833333333333306	0.015000000000000008
-0.3983333333333333	0.01433333333333334
-0.37833333333333324	0.014000000000000007
-0.35833333333333345	0.015333333333333341
-0.3383333333333332	0.01333333333333334
-0.3183333333333333	0.014666666666666675
-0.29833333333333323	0.014000000000000007
-0.27833333333333327	0.015000000000000008
-0.25833333333333325	0.014666666666666675
-0.23833333333333323	0.014666666666666675
-0.21833333333333327	0.015333333333333341
-0.1983333333333332	0.01433333333333334
-0.17833333333333334	0.015666666666666676
-0.15833333333333333	0.015000000000000008
-0.13833333333333334	0.015666666666666676
-0.11833333333333332	0.014000000000000007
-0.0983333333333333	0.015000000000000008
-0.07833333333333328	0.014666666666666675
-0.05833333333333327	0.013666666666666674
-0.038333333333333275	0.01333333333333334
-0.01833333333333326	0.014666666666666675
0.0016666666666667201	0.01433333333333334
0.021666666666666726	0.014333333333333339
0.041666666666666644	0.01433333333333334
0.06166666666666663	0.01433333333333334
0.08166666666666664	0.014000000000000007
0.10166666666666668	0.012666666666666673
0.12166666666666662	0.013666666666666674
0.14166666666666672	0.014000000000000007
0.16166666666666663	0.014666666666666675
0.18166666666666664	0.013666666666666674
0.2016666666666666	0.013000000000000006
0.2216666666666667	0.013000000000000006
0.24166666666666664	0.014666666666666675
0.2616666666666667	0.01433333333333334
0.2816666666666666	0.013666666666666674
0.30166666666666675	0.013666666666666674
0.32166666666666666	0.015666666666666676
0.3416666666666668	0.01433333333333334
0.36166666666666664	0.012666666666666673
0.3816666666666665	0.012333333333333339
0.4016666666666665	0.01333333333333334
0.42166666666666675	0.012000000000000005
0.44166666666666665	0.01333333333333334
0.46166666666666656	0.013000000000000006
0.48166666666666647	0.013000000000000006
0.5016666666666668	0.012666666666666673
0.5216666666666666	0.012666666666666673
0.5416666666666666	0.010666666666666672
0.5616666666666663	0.012666666666666673
0.5816666666666669	0.012333333333333339
0.6016666666666667	0.01333333333333334
0.6216666666666666	0.013000000000000006
0.6416666666666664	0.01333333333333334
0.6616666666666668	0.01433333333333334
0.6816666666666668	0.01433333333333334
0.7016666666666668	0.014000000000000007
0.7216666666666665	0.014666666666666675
0.7416666666666667	0.013666666666666674
0.7616666666666667	0.01333333333333334
0.781666666666667	0.014000000000000007
0.8016666666666667	0.01333333333333334
0.8216666666666669	0.014000000000000007
0.8416666666666669	0.014666666666666675
0.8616666666666668	0.01333333333333334
0.8816666666666665	0.014000000000000007
0.9016666666666662	0.014666666666666675
0.9216666666666662	0.015666666666666676
0.9416666666666664	0.01433333333333334
0.961666666666667	0.013666666666666674
0.9816666666666669	0.01433333333333334
1.001666666666667	0.01433333333333334
1.021666666666667	0.014000000000000007
1.0416666666666665	0.01333333333333334
1.0616666666666663	0.014666666666666675
1.081666666666666	0.013000000000000006
1.1016666666666675	0.012666666666666673
1.121666666666667	0.012000000000000005
1.141666666666667	0.012666666666666673
1.1616666666666668	0.014000000000000007
1.1816666666666669	0.013000000000000006
1.2016666666666667	0.014000000000000007
1.2216666666666665	0.015000000000000008
1.2416666666666663	0.011666666666666672
1.2616666666666663	0.01333333333333334
1.2816666666666672	0.012666666666666673
1.301666666666667	0.013000000000000006
1.3216666666666668	0.012333333333333339
1.341666666666667	0.012666666666666673
1.3616666666666668	0.012000000000000005
1.3816666666666664	0.012666666666666673
1.4016666666666664	0.014000000000000007
1.4216666666666662	0.012666666666666673
1.441666666666666	0.01333333333333334
1.461666666666667	0.012333333333333339
1.4816666666666667	0.012333333333333339
1.5016666666666671	0.011333333333333338
1.5216666666666665	0.013666666666666674
1.5416666666666665	0.01333333333333334
1.5616666666666668	0.013666666666666674
1.581666666666666	0.01333333333333334
1.601666666666667	0.013000000000000006
1.6216666666666664	0.013000000000000006
1.641666666666667	0.013666666666666674
1.6616666666666664	0.014000000000000007
1.6816666666666669	0.013666666666666674
1.7016666666666673	0.013000000000000006
1.7216666666666667	0.014000000000000007
1.7416666666666667	0.012666666666666673
1.761666666666666	0.01333333333333334
1.7816666666666667	0.01333333333333334
1.8016666666666663	0.012000000000000005
1.8216666666666672	0.013000000000000006
1.8416666666666661	0.01433333333333334
1.8616666666666668	0.012333333333333339
1.8816666666666673	0.012666666666666673
1.9016666666666664	0.014000000000000007
1.9216666666666669	0.013000000000000006
1.9416666666666658	0.01333333333333334
1.961666666666667	0.014000000000000007
1.981666666666666	0.012333333333333339
2.001666666666667	0.013666666666666674
2.0216666666666656	0.01333333333333334
2.0416666666666665	0.014666666666666675
2.0616666666666674	0.013666666666666674
2.081666666666666	0.014666666666666675
2.101666666666667	0.013666666666666674
2.1216666666666666	0.01433333333333334
2.1416666666666675	0.01433333333333334
2.1616666666666657	0.013666666666666674
2.1816666666666666	0.014000000000000007
2.201666666666667	0.013666666666666674
2.2216666666666662	0.013666666666666674
2.241666666666667	0.01333333333333334
2.261666666666666	0.013666666666666674
2.2816666666666667	0.01433333333333334
2.3016666666666663	0.01333333333333334
2.321666666666667	0.013000000000000006
2.341666666666666	0.011666666666666672
2.3616666666666664	0.012666666666666673
2.3816666666666677	0.014000000000000007
2.4016666666666664	0.014666666666666675
2.421666666666667	0.013666666666666674
2.441666666666666	0.012333333333333339
2.4616666666666664	0.014000000000000007
2.481666666666666	0.01333333333333334
2.5016666666666665	0.011000000000000005
2.5216666666666656	0.013666666666666674
2.5416666666666665	0.013000000000000006
2.5616666666666674	0.012333333333333339
2.581666666666666	0.014000000000000007
2.6016666666666666	0.014666666666666675
2.6216666666666666	0.012333333333333339
2.641666666666667	0.013000000000000006
2.661666666666666	0.01333333333333334
2.6816666666666666	0.014666666666666675
2.701666666666668	0.012666666666666673
2.7216666666666667	0.014000000000000007
2.741666666666667	0.01433333333333334
2.7616666666666667	0.015000000000000008
2.7816666666666667	0.015000000000000008
2.8016666666666663	0.01433333333333334
2.821666666666666	0.01333333333333334
2.841666666666666	0.013666666666666674
2.8616666666666655	0.014666666666666675
2.881666666666667	0.014000000000000007
2.9016666666666673	0.013000000000000006
2.921666666666667	0.014666666666666675
2.9416666666666664	0.015000000000000008
2.961666666666666	0.013666666666666674
2.9816666666666665	0.013666666666666674
3.001666666666666	0.01333333333333334
3.0216666666666656	0.012666666666666673
3.0416666666666665	0.013000000000000006
3.0616666666666674	0.012333333333333339
3.081666666666667	0.01433333333333334
3.1016666666666657	0.012000000000000005
3.121666666666668	0.014666666666666675
3.1416666666666666	0.013000000000000006
3.161666666666666	0.014000000000000007
3.1816666666666653	0.013000000000000006
3.201666666666668	0.01433333333333334
3.2216666666666667	0.01433333333333334
3.241666666666666	0.01333333333333334
3.2616666666666676	0.012666666666666673
3.2816666666666663	0.013000000000000006
3.3016666666666663	0.011666666666666672
3.3216666666666654	0.012666666666666673
3.3416666666666672	0.01333333333333334
3.3616666666666655	0.013000000000000006
3.3816666666666664	0.013000000000000006
3.401666666666668	0.012000000000000005
3.421666666666667	0.012666666666666673
3.4416666666666664	0.012000000000000005
3.4616666666666647	0.014000000000000007
3.481666666666668	0.01333333333333334
3.501666666666666	0.01333333333333334
3.5216666666666656	0.011666666666666672
3.541666666666668	0.01333333333333334
3.5616666666666674	0.011666666666666672
3.581666666666667	0.012333333333333339
3.6016666666666652	0.01433333333333334
3.6216666666666684	0.01433333333333334
3.6416666666666666	0.013666666666666674
3.661666666666666	0.01333333333333334
3.681666666666664	0.013000000000000006
3.701666666666668	0.01433333333333334
3.7216666666666676	0.01333333333333334
3.7416666666666654	0.014000000000000007
3.7616666666666685	0.013000000000000006
3.7816666666666663	0.01333333333333334
3.8016666666666663	0.011666666666666672
3.821666666666664	0.012666666666666673
3.8416666666666677	0.014000000000000007
3.8616666666666655	0.013000000000000006
3.881666666666665	0.01333333333333334
3.9016666666666637	0.013000000000000006
3.921666666666667	0.014666666666666675
3.941666666666667	0.015000000000000008
3.9616666666666642	0.013666666666666674
3.9816666666666682	0.013666666666666674
4.001666666666665	0.01333333333333334
4.021666666666666	0.01433333333333334
4.041666666666668	0.01333333333333334
4.061666666666667	0.01333333333333334
4.081666666666665	0.012666666666666673
4.101666666666664	0.015000000000000008
4.121666666666668	0.012666666666666673
4.141666666666666	0.01333333333333334
4.161666666666665	0.014000000000000007
4.181666666666663	0.013666666666666674
4.201666666666668	0.014000000000000007
4.221666666666666	0.012333333333333339
4.2416666666666645	0.01333333333333334
4.261666666666667	0.013666666666666674
4.281666666666666	0.012000000000000005
4.301666666666666	0.01333333333333334
4.321666666666664	0.01333333333333334
4.341666666666668	0.011666666666666672
4.3616666666666655	0.01333333333333334
4.381666666666665	0.012333333333333339
4.401666666666662	0.01333333333333334
4.421666666666667	0.01333333333333334
4.441666666666666	0.01333333333333334
4.461666666666664	0.012000000000000005
4.481666666666667	0.013000000000000006
4.501666666666666	0.012666666666666673
4.521666666666665	0.01433333333333334
4.541666666666668	0.014000000000000007
4.5616666666666665	0.012333333333333339
4.581666666666667	0.01333333333333334
4.601666666666664	0.012666666666666673
4.621666666666668	0.01433333333333334
4.641666666666667	0.014000000000000007
4.661666666666665	0.014000000000000007
4.681666666666663	0.014000000000000007
4.701666666666666	0.01333333333333334
4.721666666666666	0.014666666666666675
4.7416666666666645	0.015000000000000008
4.761666666666667	0.01433333333333334
4.781666666666667	0.01333333333333334
4.801666666666666	0.013666666666666674
4.821666666666664	0.013666666666666674
4.841666666666667	0.015666666666666676
4.861666666666666	0.015000000000000008
4.881666666666664	0.014666666666666675
4.901666666666667	0.014666666666666675
4.921666666666667	0.015333333333333341
4.941666666666666	0.015000000000000008
4.961666666666664	0.016000000000000007
4.981666666666667	0.015333333333333341
5.001666666666666	0.014666666666666675
5.021666666666665	0.01433333333333334
5.041666666666668	0.014000000000000007
5.061666666666666	0.014000000000000007
5.081666666666665	0.014000000000000007
5.101666666666664	0.015333333333333341
5.121666666666668	0.015333333333333341
5.141666666666667	0.01433333333333334
5.161666666666665	0.014666666666666675
5.181666666666663	0.016000000000000007
5.201666666666666	0.015000000000000008
5.221666666666666	0.01433333333333334
5.2416666666666645	0.01433333333333334
5.261666666666667	0.014000000000000007
5.281666666666667	0.01433333333333334
5.301666666666666	0.014333333333333339
5.321666666666664	0.014666666666666675
5.341666666666667	0.013666666666666674
5.361666666666666	0.014666666666666675
5.381666666666665	0.014000000000000007
5.401666666666662	0.014000000000000007
5.421666666666665	0.015000000000000008
5.441666666666666	0.013666666666666674
5.461666666666664	0.01433333333333334
5.4816666666666665	0.014666666666666675
5.501666666666666	0.01333333333333334
5.521666666666666	0.014666666666666675
5.541666666666668	0.014666666666666675
5.561666666666666	0.01433333333333334
5.581666666666667	0.014000000000000007
5.601666666666665	0.01433333333333334
5.621666666666667	0.014666666666666675
5.641666666666667	0.015000000000000008
5.661666666666666	0.015333333333333341
5.681666666666663	0.013666666666666674
5.701666666666665	0.01433333333333334
5.721666666666666	0.015666666666666676
5.7416666666666645	0.015666666666666672
5.761666666666667	0.014666666666666675
5.781666666666666	0.014000000000000007
5.801666666666667	0.01433333333333334
5.821666666666664	0.014666666666666675
5.841666666666665	0.015666666666666676
5.861666666666666	0.014666666666666675
5.881666666666666	0.014666666666666675
5.9016666666666655	0.01433333333333334
5.921666666666665	0.015666666666666672
5.941666666666668	0.015333333333333341
5.961666666666664	0.015333333333333341
5.9816666666666665	0.016000000000000007
6.001666666666666	0.015333333333333341
6.021666666666666	0.014666666666666675
6.041666666666664	0.013000000000000006
6.061666666666664	0.014666666666666675
6.081666666666665	0.015333333333333341
6.101666666666665	0.015000000000000008
6.121666666666664	0.015666666666666676
6.141666666666667	0.01433333333333334
6.161666666666667	0.013666666666666674
6.181666666666663	0.015000000000000008
6.201666666666665	0.015333333333333341
6.2216666666666685	0.014000000000000007
6.2416666666666645	0.015000000000000008
6.261666666666667	0.014000000000000007
6.281666666666666	0.015333333333333341
6.301666666666667	0.015333333333333341
6.321666666666665	0.014666666666666675
6.341666666666665	0.015000000000000008
6.361666666666666	0.01433333333333334
6.381666666666666	0.015666666666666676
6.401666666666662	0.014666666666666675
6.421666666666665	0.01333333333333334
6.44166666666667	0.014333333333333339
6.461666666666664	0.01433333333333334
6.4816666666666665	0.015000000000000008
6.501666666666665	0.015000000000000008
6.521666666666666	0.014666666666666675
6.541666666666666	0.01333333333333334
6.561666666666662	0.01433333333333334
6.581666666666668	0.015000000000000008
6.6016666666666675	0.01433333333333334
6.621666666666664	0.016000000000000007
6.6416666666666675	0.01433333333333334
6.661666666666669	0.014666666666666675
6.681666666666663	0.015000000000000008
6.701666666666665	0.015333333333333341
6.7216666666666685	0.015000000000000008
6.7416666666666645	0.015333333333333341
6.761666666666667	0.015000000000000008
6.7816666666666645	0.015333333333333341
6.801666666666667	0.015333333333333341
6.821666666666666	0.014666666666666675
6.841666666666662	0.014666666666666675
6.861666666666666	0.015666666666666676
6.881666666666669	0.015333333333333341
6.901666666666664	0.014666666666666675
6.921666666666665	0.015000000000000008
6.94166666666667	0.014666666666666675
6.961666666666664	0.015666666666666676
6.9816666666666665	0.014666666666666675
7.001666666666663	0.015333333333333341
7.021666666666666	0.014666666666666675
7.041666666666665	0.015333333333333341
7.061666666666662	0.015333333333333341
7.081666666666668	0.015000000000000008
7.1016666666666675	0.01433333333333334
7.1216666666666635	0.016000000000000007
7.1416666666666675	0.01433333333333334
7.16166666666667	0.015333333333333341
7.181666666666663	0.015000000000000008
7.201666666666665	0.014000000000000007
7.221666666666671	0.015000000000000008
7.2416666666666645	0.014000000000000007
7.261666666666667	0.01433333333333334
7.2816666666666645	0.013666666666666674
7.301666666666667	0.014000000000000007
7.321666666666667	0.015000000000000008
7.341666666666662	0.014000000000000007
7.361666666666666	0.013666666666666674
7.381666666666669	0.014000000000000007
7.401666666666662	0.014000000000000007
7.421666666666664	0.013666666666666674
7.441666666666671	0.01433333333333334
7.461666666666664	0.015666666666666676
7.4816666666666665	0.014000000000000007
7.501666666666663	0.01333333333333334
7.521666666666666	0.015666666666666672
7.541666666666666	0.015000000000000008
7.561666666666661	0.01433333333333334
7.581666666666668	0.012333333333333339
7.601666666666668	0.014666666666666675
7.621666666666663	0.015000000000000008
7.6416666666666675	0.01433333333333334
7.66166666666667	0.015666666666666676
7.681666666666663	0.013666666666666674
7.701666666666665	0.015000000000000008
7.721666666666671	0.015000000000000008
7.7416666666666645	0.014666666666666675
7.761666666666667	0.014666666666666675
7.781666666666664	0.014666666666666675
7.801666666666667	0.016000000000000007
7.821666666666667	0.014000000000000007
7.8416666666666615	0.01333333333333334
7.861666666666666	0.014666666666666675
7.8816666666666695	0.015666666666666672
7.901666666666662	0.015000000000000008
7.921666666666664	0.01433333333333334
7.941666666666663	0.014666666666666675
7.961666666666664	0.015000000000000008
7.981666666666666	0.015333333333333341
8.001666666666662	0.014666666666666675
8.021666666666665	0.015000000000000008
8.041666666666666	0.01433333333333334
8.06166666666666	0.015000000000000008
8.081666666666667	0.01433333333333334
8.101666666666668	0.015000000000000008
8.121666666666663	0.014666666666666675
8.141666666666667	0.01533333333333334
8.161666666666669	0.015000000000000006
8.181666666666663	0.015000000000000008
8.201666666666664	0.01433333333333334
8.221666666666671	0.01433333333333334
8.241666666666664	0.01433333333333334
8.261666666666667	0.015000000000000008
8.281666666666663	0.014666666666666675
8.301666666666666	0.01433333333333334
8.321666666666669	0.015000000000000008
8.341666666666661	0.015000000000000008
8.361666666666666	0.014666666666666675
8.38166666666667	0.015000000000000008
8.401666666666662	0.014666666666666675
8.421666666666663	0.015333333333333341
8.441666666666663	0.016000000000000007
8.461666666666664	0.017666666666666674
8.481666666666666	0.01733333333333334
8.501666666666662	0.01733333333333334
8.521666666666665	0.01866666666666667
8.541666666666668	0.019000000000000006
8.561666666666664	0.020333333333333342
8.581666666666667	0.02166666666666667
8.601666666666668	0.023333333333333345
8.621666666666663	0.02300000000000001
8.641666666666667	0.02533333333333334
8.661666666666669	0.02600000000000001
8.681666666666663	0.026666666666666672
8.701666666666664	0.028000000000000004
8.721666666666671	0.02933333333333334
8.741666666666664	0.031000000000000007
8.761666666666667	0.03266666666666668
8.781666666666663	0.03500000000000001
8.801666666666666	0.03533333333333334
8.821666666666667	0.03766666666666668
8.841666666666665	0.040666666666666684
8.861666666666666	0.04233333333333334
8.881666666666668	0.043333333333333335
8.901666666666662	0.04466666666666667
8.921666666666663	0.04733333333333334
8.941666666666663	0.05033333333333334
8.961666666666662	0.05033333333333333
8.981666666666666	0.053666666666666675
9.001666666666662	0.05666666666666668
9.021666666666665	0.05900000000000001
9.041666666666668	0.06133333333333335
9.061666666666664	0.06400000000000002
9.081666666666667	0.06733333333333336
9.101666666666668	0.07000000000000002
9.121666666666663	0.07266666666666668
9.141666666666666	0.07633333333333334
9.161666666666669	0.07900000000000001
9.181666666666663	0.08066666666666668
9.201666666666664	0.0846666666666667
9.22166666666666	0.0876666666666667
9.241666666666664	0.0906666666666667
9.261666666666667	0.09333333333333338
9.281666666666663	0.0966666666666667
9.301666666666664	0.10033333333333336
9.321666666666667	0.1026666666666667
9.341666666666661	0.10633333333333335
9.361666666666665	0.11166666666666669
9.381666666666668	0.11400000000000002
9.401666666666664	0.11633333333333336
9.421666666666663	0.12033333333333336
9.44166666666667	0.12400000000000003
9.461666666666662	0.12700000000000003
9.481666666666666	0.13066666666666668
9.501666666666662	0.135
9.521666666666663	0.13833333333333336
9.541666666666668	0.14233333333333337
9.56166666666666	0.1466666666666667
9.581666666666665	0.15000000000000005
9.601666666666668	0.15466666666666673
9.621666666666663	0.15766666666666673
9.641666666666662	0.16200000000000006
9.661666666666669	0.16400000000000006
9.681666666666665	0.16800000000000007
9.701666666666664	0.17233333333333337
9.721666666666662	0.17600000000000005
9.741666666666664	0.18000000000000005
9.761666666666667	0.18400000000000005
9.781666666666663	0.18833333333333338
9.801666666666664	0.1916666666666667
9.821666666666667	0.19466666666666677
9.841666666666661	0.19866666666666677
9.861666666666666	0.2020000000000001
9.88166666666667	0.20766666666666678
9.901666666666664	0.2110000000000001
9.921666666666663	0.21433333333333343
9.941666666666663	0.21833333333333343
9.961666666666666	0.2226666666666668
9.981666666666666	0.2276666666666668
10.001666666666662	0.23033333333333345
10.021666666666663	0.23533333333333342
10.041666666666668	0.23866666666666672
10.061666666666664	0.24233333333333335
10.081666666666663	0.2466666666666667
10.101666666666668	0.25000000000000006
10.121666666666663	0.2536666666666667
10.141666666666666	0.2583333333333334
10.161666666666669	0.2626666666666667
10.181666666666665	0.26533333333333337
10.201666666666664	0.269
10.221666666666671	0.274
10.241666666666662	0.277
10.261666666666667	0.2803333333333334
10.281666666666663	0.28566666666666674
10.301666666666664	0.28900000000000003
10.321666666666669	0.29400000000000004
10.341666666666661	0.29800000000000004
10.361666666666665	0.30100000000000005
10.38166666666667	0.3060000000000001
10.401666666666664	0.30966666666666676
10.421666666666663	0.3140000000000001
10.441666666666663	0.3180000000000001
10.461666666666666	0.32066666666666677
10.481666666666666	0.3263333333333335
10.501666666666662	0.3300000000000001
10.521666666666663	0.3336666666666668
10.541666666666668	0.3376666666666668
10.561666666666664	0.34233333333333343
10.581666666666665	0.3456666666666668
10.601666666666668	0.3510000000000001
10.621666666666663	0.35466666666666674
10.641666666666666	0.3593333333333334
10.661666666666669	0.36433333333333345
10.681666666666665	0.3670000000000001
10.701666666666664	0.3726666666666668
10.721666666666671	0.3770000000000001
10.741666666666667	0.3810000000000001
10.761666666666665	0.3836666666666668
10.781666666666663	0.38866666666666677
10.801666666666664	0.39333333333333337
10.821666666666667	0.3963333333333335
10.841666666666663	0.4006666666666668
10.861666666666665	0.40433333333333343
10.881666666666668	0.40833333333333344
10.901666666666666	0.41366666666666674
10.921666666666663	0.41833333333333345
10.941666666666663	0.42200000000000004
10.96166666666666	0.42666666666666675
10.981666666666666	0.4313333333333334
11.001666666666662	0.4356666666666667
11.021666666666663	0.43966666666666654
11.041666666666666	0.44299999999999995
11.061666666666664	0.44666666666666666
11.081666666666663	0.4526666666666668
11.101666666666668	0.4556666666666667
11.121666666666664	0.46199999999999986
11.141666666666662	0.4660000000000001
11.161666666666669	0.4680000000000001
11.181666666666667	0.4736666666666667
11.201666666666663	0.4769999999999999
11.221666666666664	0.4809999999999999
11.241666666666667	0.485
11.261666666666665	0.489
11.281666666666666	0.494
11.301666666666664	0.497
11.321666666666665	0.5023333333333333
11.341666666666663	0.5063333333333333
11.361666666666665	0.5089999999999999
11.381666666666668	0.5133333333333333
11.401666666666666	0.5176666666666667
11.421666666666663	0.522
11.44166666666667	0.5259999999999999
11.461666666666662	0.5309999999999999
11.481666666666664	0.5356666666666667
11.501666666666665	0.5376666666666666
11.521666666666665	0.5433333333333332
11.541666666666666	0.5469999999999999
11.561666666666662	0.5523333333333333
11.581666666666663	0.5556666666666665
11.601666666666668	0.5606666666666665
11.621666666666664	0.5653333333333332
11.64166666666666	0.5693333333333332
11.661666666666669	0.573
11.681666666666667	0.5786666666666667
11.70166666666666	0.5813333333333333
11.721666666666666	0.5853333333333333
11.741666666666667	0.5886666666666666
11.761666666666663	0.5919999999999999
11.781666666666666	0.5973333333333333
11.801666666666664	0.6016666666666666
11.821666666666665	0.606
11.841666666666665	0.6103333333333333
11.861666666666665	0.6123333333333334
11.881666666666668	0.6169999999999999
11.901666666666667	0.6216666666666666
11.921666666666662	0.6260000000000001
11.941666666666663	0.6273333333333333
11.96166666666667	0.6323333333333332
11.981666666666664	0.6356666666666666
12.001666666666665	0.6393333333333333
12.021666666666665	0.6446666666666667
12.041666666666666	0.648
12.061666666666664	0.6523333333333332
12.081666666666663	0.6573333333333333
12.101666666666668	0.66
12.121666666666664	0.6643333333333334
12.141666666666662	0.6676666666666666
12.161666666666669	0.6726666666666667
12.181666666666667	0.6766666666666667
12.20166666666666	0.6803333333333332
12.221666666666671	0.6833333333333332
12.241666666666662	0.6876666666666666
12.261666666666663	0.6926666666666668
12.281666666666668	0.6963333333333332
12.301666666666664	0.6983333333333334
12.321666666666665	0.7033333333333334
12.341666666666669	0.7086666666666666
12.361666666666665	0.711
12.381666666666664	0.7126666666666668
12.40166666666667	0.7176666666666668
12.421666666666663	0.7220000000000001
12.441666666666663	0.7250000000000001
12.46166666666667	0.7289999999999999
12.481666666666664	0.7326666666666668
12.501666666666665	0.7363333333333333
12.521666666666665	0.739
12.541666666666666	0.7426666666666667
12.561666666666664	0.7453333333333335
12.581666666666667	0.7490000000000002
12.601666666666668	0.7536666666666667
12.621666666666664	0.7580000000000001
12.64166666666666	0.7623333333333334
12.661666666666669	0.766
12.681666666666667	0.7676666666666667
12.70166666666666	0.7713333333333332
12.721666666666671	0.7756666666666667
12.741666666666667	0.7786666666666667
12.761666666666663	0.7823333333333335
12.781666666666668	0.7856666666666667
12.801666666666664	0.7896666666666667
12.821666666666662	0.7940000000000002
12.841666666666669	0.7983333333333333
12.861666666666665	0.8009999999999999
12.881666666666664	0.8036666666666665
12.90166666666667	0.806
12.921666666666663	0.8103333333333336
12.941666666666663	0.813
12.961666666666666	0.8170000000000002
12.981666666666664	0.820666666666667
13.001666666666665	0.8240000000000003
13.021666666666665	0.8256666666666669
13.041666666666666	0.8303333333333334
13.061666666666664	0.8323333333333334
13.081666666666667	0.836
13.101666666666668	0.8393333333333333
13.121666666666664	0.8413333333333336
13.141666666666659	0.8450000000000003
13.161666666666669	0.8486666666666669
13.181666666666667	0.8510000000000002
13.201666666666657	0.8556666666666668
13.221666666666668	0.8586666666666668
13.241666666666667	0.8616666666666668
13.26166666666666	0.8653333333333333
13.281666666666668	0.8689999999999999
13.301666666666662	0.8723333333333333
13.321666666666662	0.8753333333333334
13.341666666666669	0.8780000000000003
13.361666666666665	0.8813333333333336
13.381666666666664	0.883666666666667
13.40166666666667	0.8870000000000002
13.421666666666663	0.8900000000000002
13.441666666666665	0.8946666666666668
13.461666666666666	0.8950000000000001
13.481666666666664	0.899
13.501666666666665	0.9013333333333333
13.521666666666668	0.9056666666666666
13.541666666666666	0.908
13.561666666666662	0.9116666666666668
13.581666666666667	0.9140000000000003
13.601666666666668	0.9156666666666669
13.621666666666664	0.9183333333333336
13.641666666666655	0.9226666666666667
13.66166666666667	0.9246666666666666
13.681666666666667	0.9266666666666669
13.701666666666657	0.9316666666666668
13.721666666666668	0.9333333333333332
13.741666666666667	0.9359999999999999
13.76166666666666	0.9379999999999998
13.78166666666667	0.9429999999999998
13.801666666666662	0.9446666666666668
13.82166666666666	0.9456666666666667
13.84166666666667	0.9516666666666668
13.861666666666665	0.9536666666666667
13.881666666666662	0.9553333333333335
13.901666666666673	0.9573333333333334
13.921666666666662	0.9613333333333334
13.941666666666663	0.9656666666666666
13.961666666666673	0.9656666666666666
13.981666666666664	0.9696666666666666
14.001666666666665	0.9739999999999999
14.021666666666668	0.9759999999999998
14.041666666666666	0.9769999999999999
14.061666666666664	0.9803333333333333
14.081666666666667	0.9830000000000002
14.101666666666668	0.9876666666666668
14.121666666666664	0.989
14.141666666666659	0.9916666666666665
14.161666666666669	0.9950000000000001
14.181666666666667	0.9973333333333332
14.201666666666657	0.9989999999999999
14.221666666666671	1.0036666666666667
14.241666666666667	1.0059999999999998
14.26166666666666	1.008
14.281666666666673	1.0103333333333333
14.301666666666662	1.0136666666666665
14.32166666666666	1.017666666666667
14.34166666666667	1.0203333333333335
14.361666666666665	1.0216666666666667
14.381666666666662	1.023
14.401666666666673	1.0283333333333333
14.421666666666662	1.0296666666666665
14.441666666666663	1.0306666666666666
14.461666666666675	1.0336666666666665
14.481666666666664	1.037
14.501666666666665	1.0373333333333332
14.521666666666668	1.04
14.541666666666666	1.0453333333333332
14.561666666666664	1.0466666666666664
14.581666666666667	1.0486666666666666
14.601666666666668	1.0516666666666667
14.621666666666666	1.0526666666666666
14.641666666666655	1.0539999999999998
14.66166666666667	1.0576666666666668
14.681666666666667	1.0600000000000003
14.701666666666656	1.0636666666666663
14.721666666666671	1.0639999999999998
14.741666666666669	1.0666666666666664
14.761666666666658	1.0683333333333334
14.78166666666667	1.072
14.801666666666662	1.074333333333333
14.82166666666666	1.076
14.841666666666672	1.0786666666666669
14.861666666666661	1.0806666666666669
14.881666666666662	1.0830000000000002
14.901666666666673	1.084
14.921666666666663	1.087333333333333
14.941666666666663	1.0873333333333335
14.961666666666666	1.090666666666667
14.981666666666664	1.0930000000000002
15.001666666666665	1.0956666666666668
15.021666666666668	1.096
15.041666666666666	1.1003333333333332
15.061666666666664	1.1029999999999998
15.081666666666667	1.1039999999999999
15.101666666666668	1.1073333333333333
15.121666666666664	1.1086666666666665
15.141666666666653	1.1086666666666665
15.16166666666667	1.1103333333333332
15.181666666666667	1.116333333333333
15.201666666666656	1.1176666666666666
15.221666666666671	1.119
15.241666666666669	1.1216666666666666
15.261666666666658	1.1236666666666668
15.281666666666673	1.1243333333333334
15.301666666666662	1.1273333333333333
15.321666666666658	1.1296666666666664
15.341666666666672	1.131
15.361666666666665	1.1323333333333332
15.38166666666666	1.1346666666666665
15.401666666666674	1.1373333333333329
15.421666666666663	1.138333333333333
15.441666666666663	1.1409999999999996
15.461666666666668	1.141333333333333
15.481666666666664	1.143333333333333
15.501666666666665	1.146666666666666
15.52166666666667	1.1479999999999997
15.541666666666666	1.1476666666666664
15.561666666666664	1.1523333333333332
15.581666666666667	1.1526666666666663
15.601666666666668	1.156
15.621666666666664	1.1586666666666665
15.641666666666655	1.158
15.66166666666667	1.1603333333333332
15.681666666666667	1.1626666666666665
15.701666666666656	1.1639999999999997
15.721666666666671	1.166333333333333
15.741666666666667	1.1679999999999997
15.761666666666658	1.1693333333333331
15.781666666666673	1.172333333333333
15.801666666666662	1.174666666666666
15.821666666666658	1.1756666666666664
15.841666666666672	1.1756666666666664
15.861666666666661	1.178333333333333
15.88166666666666	1.1779999999999997
15.901666666666674	1.1833333333333331
15.921666666666662	1.1833333333333331
15.941666666666663	1.1849999999999998
15.961666666666668	1.1876666666666664
15.981666666666664	1.1879999999999997
16.001666666666665	1.1899999999999997
16.02166666666667	1.1919999999999997
16.041666666666664	1.1949999999999998
16.061666666666664	1.1936666666666664
16.08166666666667	1.1973333333333331
16.101666666666667	1.198333333333333
16.121666666666663	1.1993333333333331
16.14166666666665	1.2006666666666663
16.16166666666667	1.2036666666666662
16.181666666666665	1.2039999999999997
16.201666666666654	1.2056666666666664
16.22166666666667	1.2079999999999997
16.241666666666667	1.2086666666666663
16.261666666666656	1.2109999999999999
16.281666666666673	1.2126666666666666
16.301666666666662	1.2126666666666663
16.32166666666666	1.2136666666666662
16.341666666666676	1.2159999999999997
16.361666666666665	1.2176666666666665
16.38166666666666	1.2189999999999996
16.401666666666674	1.2186666666666663
16.421666666666663	1.2243333333333333
16.44166666666666	1.2246666666666663
16.461666666666666	1.2249999999999999
16.481666666666666	1.2253333333333332
16.50166666666666	1.2276666666666665
16.52166666666667	1.23
16.541666666666668	1.23
16.56166666666666	1.2329999999999999
16.58166666666667	1.2333333333333332
16.601666666666667	1.2339999999999998
16.621666666666663	1.2356666666666665
16.64166666666665	1.2376666666666667
16.66166666666667	1.2386666666666664
16.681666666666665	1.2399999999999995
16.701666666666654	1.2423333333333328
16.72166666666667	1.2419999999999995
16.741666666666667	1.2449999999999997
16.761666666666656	1.246
16.781666666666673	1.2486666666666666
16.801666666666662	1.2499999999999998
16.82166666666666	1.2496666666666665
16.841666666666676	1.2506666666666666
16.861666666666665	1.2526666666666664
16.88166666666666	1.252333333333333
16.901666666666667	1.2556666666666663
16.921666666666663	1.2563333333333329
16.941666666666663	1.2576666666666663
16.961666666666666	1.2569999999999997
16.981666666666666	1.2596666666666665
17.00166666666666	1.2606666666666664
17.02166666666667	1.2609999999999997
17.041666666666668	1.263
17.061666666666664	1.264
17.08166666666667	1.2666666666666666
17.101666666666667	1.2663333333333333
17.121666666666663	1.2679999999999998
17.14166666666665	1.2676666666666665
17.16166666666667	1.27
17.181666666666665	1.2713333333333332
17.201666666666654	1.2736666666666663
17.22166666666667	1.273333333333333
17.241666666666667	1.276333333333333
17.261666666666656	1.2746666666666664
17.281666666666673	1.2766666666666664
17.301666666666662	1.279333333333333
17.32166666666666	1.2796666666666665
17.341666666666672	1.2806666666666664
17.361666666666665	1.2806666666666664
17.38166666666666	1.2843333333333333
17.401666666666674	1.284333333333333
17.421666666666663	1.285333333333333
17.44166666666666	1.2876666666666665
17.461666666666666	1.290333333333333
17.481666666666666	1.287333333333333
17.50166666666666	1.29
17.52166666666667	1.2906666666666664
17.541666666666668	1.2923333333333333
17.561666666666664	1.2923333333333331
17.58166666666667	1.2936666666666667
17.601666666666667	1.295
17.621666666666663	1.2959999999999998
17.64166666666665	1.297
17.66166666666667	1.2986666666666666
17.681666666666665	1.2979999999999996
17.701666666666654	1.2993333333333332
17.72166666666667	1.2996666666666665
17.741666666666667	1.3016666666666665
17.761666666666656	1.3033333333333332
17.78166666666667	1.3050000000000002
17.801666666666662	1.3043333333333333
17.82166666666666	1.3043333333333331
17.841666666666672	1.3063333333333331
17.861666666666665	1.3066666666666666
17.88166666666666	1.3076666666666665
17.901666666666674	1.3076666666666665
17.921666666666663	1.3083333333333331
17.94166666666666	1.3096666666666665
17.961666666666666	1.311
17.981666666666666	1.31
18.00166666666666	1.3113333333333332
18.02166666666667	1.311
18.041666666666668	1.3116666666666668
18.061666666666664	1.314
18.08166666666667	1.315333333333333
18.10166666666667	1.3143333333333334
18.121666666666663	1.3163333333333331
18.14166666666665	1.317333333333333
18.16166666666667	1.3186666666666664
18.181666666666665	1.318
18.201666666666654	1.3196666666666665
18.22166666666667	1.319
18.241666666666667	1.3203333333333331
18.261666666666656	1.3196666666666665
18.28166666666667	1.3209999999999997
18.301666666666662	1.3213333333333332
18.32166666666666	1.3216666666666665
18.341666666666672	1.322333333333333
18.361666666666665	1.3236666666666663
18.38166666666666	1.323333333333333
18.40166666666667	1.3239999999999998
18.421666666666667	1.3249999999999997
18.44166666666666	1.3266666666666664
18.461666666666666	1.3256666666666663
18.48166666666667	1.3259999999999996
18.50166666666666	1.327666666666666
18.52166666666665	1.3269999999999997
18.54166666666667	1.3269999999999995
18.561666666666664	1.3286666666666662
18.58166666666667	1.328666666666666
18.601666666666667	1.3286666666666662
18.621666666666666	1.3296666666666663
18.64166666666665	1.330333333333333
18.66166666666667	1.3309999999999995
18.68166666666667	1.3323333333333327
18.701666666666654	1.329666666666666
18.721666666666668	1.3299999999999994
18.741666666666667	1.3313333333333328
18.761666666666656	1.3326666666666664
18.78166666666667	1.331666666666666
18.80166666666667	1.3326666666666664
18.82166666666666	1.3329999999999997
18.841666666666672	1.333333333333333
18.861666666666665	1.334333333333333
18.88166666666666	1.3329999999999995
18.901666666666674	1.3329999999999997
18.921666666666667	1.3329999999999995
18.94166666666666	1.334333333333333
18.961666666666673	1.333333333333333
18.98166666666667	1.3350000000000002
19.00166666666666	1.3353333333333328
19.02166666666665	1.3359999999999999
19.04166666666667	1.3356666666666661
19.061666666666664	1.3359999999999996
19.081666666666667	1.3363333333333327
19.101666666666667	1.3349999999999995
19.121666666666666	1.3366666666666664
19.141666666666655	1.3363333333333332
19.16166666666667	1.3363333333333332
19.181666666666665	1.3356666666666661
19.201666666666654	1.3359999999999996
19.221666666666668	1.3363333333333334
19.241666666666667	1.3359999999999996
19.261666666666656	1.3356666666666666
19.28166666666667	1.3363333333333332
19.30166666666667	1.3379999999999996
19.32166666666666	1.3369999999999997
19.341666666666672	1.3376666666666663
19.361666666666665	1.3366666666666664
19.38166666666666	1.337333333333333
19.40166666666667	1.3379999999999996
19.421666666666667	1.3373333333333328
19.44166666666666	1.3363333333333332
19.461666666666666	1.335333333333333
19.48166666666667	1.338
19.50166666666666	1.3379999999999996
19.52166666666665	1.3373333333333328
19.541666666666664	1.3366666666666664
19.561666666666664	1.3376666666666666
19.58166666666667	1.3386666666666662
19.601666666666667	1.3396666666666666
19.621666666666666	1.337
19.641666666666655	1.3386666666666667
19.66166666666667	1.3386666666666667
19.681666666666665	1.3386666666666662
19.701666666666654	1.3379999999999996
19.721666666666668	1.3386666666666662
19.741666666666667	1.3366666666666662
19.761666666666656	1.3389999999999997
19.78166666666667	1.3376666666666663
19.801666666666662	1.3389999999999997
19.82166666666666	1.3383333333333332
19.84166666666667	1.337
19.861666666666665	1.3366666666666662
19.88166666666666	1.3376666666666666
19.90166666666667	1.337333333333333
19.921666666666667	1.3386666666666662
19.94166666666666	1.3373333333333328
19.961666666666666	1.3376666666666663
19.98166666666667	1.3383333333333332
20.00166666666666	1.3376666666666663
20.02166666666667	1.3373333333333328
20.041666666666664	1.3369999999999997
20.061666666666664	1.3383333333333325
20.08166666666667	1.338333333333333
20.101666666666674	1.3376666666666666
20.121666666666666	1.3386666666666662
20.14166666666665	1.338333333333333
20.161666666666665	1.3396666666666666
20.181666666666665	1.337333333333333
20.201666666666654	1.3389999999999997
20.221666666666668	1.3379999999999996
20.241666666666667	1.3383333333333332
20.261666666666656	1.3373333333333328
20.281666666666666	1.338333333333333
20.301666666666662	1.3373333333333328
20.32166666666666	1.3386666666666667
20.34166666666667	1.338333333333333
20.361666666666665	1.337666666666666
20.38166666666666	1.337666666666666
20.40166666666667	1.3389999999999997
20.421666666666667	1.3376666666666666
20.441666666666663	1.337666666666666
20.461666666666666	1.339
20.48166666666667	1.3379999999999996
20.50166666666666	1.3369999999999993
20.52166666666667	1.3379999999999996
20.54166666666667	1.3389999999999997
20.561666666666664	1.3389999999999997
20.58166666666667	1.3366666666666662
20.601666666666674	1.3366666666666664
20.621666666666666	1.337333333333333
20.64166666666665	1.3379999999999994
20.661666666666665	1.338333333333333
20.681666666666665	1.3386666666666662
20.701666666666654	1.337666666666666
20.721666666666668	1.3376666666666663
20.741666666666667	1.338666666666666
20.761666666666656	1.3403333333333332
20.78166666666667	1.3389999999999997
20.801666666666662	1.3376666666666666
20.82166666666666	1.3379999999999996
20.84166666666667	1.3366666666666662
20.861666666666665	1.3379999999999996
20.88166666666666	1.3379999999999994
20.901666666666664	1.3376666666666663
20.921666666666667	1.3386666666666662
20.941666666666663	1.337333333333333
20.961666666666666	1.337333333333333
20.98166666666667	1.3369999999999993
21.00166666666666	1.3386666666666662
21.02166666666667	1.3369999999999993
21.04166666666667	1.3379999999999996
21.061666666666664	1.339666666666667
21.081666666666667	1.3389999999999997
21.101666666666674	1.3379999999999996
21.121666666666666	1.3376666666666666
21.14166666666665	1.3376666666666663
21.161666666666665	1.3383333333333332
21.181666666666665	1.3379999999999996
21.201666666666654	1.338333333333333
21.221666666666668	1.3383333333333332
21.241666666666667	1.3376666666666663
21.261666666666656	1.3393333333333328
21.28166666666667	1.3376666666666663
21.301666666666662	1.3389999999999997
21.32166666666666	1.3376666666666663
21.34166666666667	1.3386666666666667
21.361666666666668	1.3366666666666662
21.38166666666666	1.3393333333333328
21.40166666666667	1.3379999999999996
21.421666666666667	1.337333333333333
21.441666666666663	1.3369999999999993
21.461666666666666	1.3383333333333332
21.48166666666667	1.3399999999999999
21.501666666666665	1.3379999999999996
21.52166666666667	1.338333333333333
21.54166666666667	1.337666666666666
21.561666666666667	1.3393333333333333
21.581666666666667	1.3379999999999994
21.601666666666674	1.3359999999999996
21.62166666666667	1.3379999999999994
21.641666666666655	1.3379999999999996
21.661666666666665	1.3393333333333333
21.681666666666665	1.3376666666666663
21.701666666666657	1.3376666666666666
21.721666666666664	1.3373333333333326
21.741666666666667	1.3356666666666661
21.76166666666666	1.3379999999999994
21.781666666666666	1.3379999999999996
21.801666666666666	1.3389999999999997
21.82166666666666	1.3376666666666666
21.84166666666667	1.3379999999999994
21.861666666666668	1.3389999999999997
21.88166666666666	1.3403333333333336
21.90166666666667	1.3376666666666663
21.921666666666667	1.3376666666666663
21.941666666666663	1.3389999999999997
21.961666666666666	1.3386666666666662
21.98166666666667	1.3373333333333328
22.001666666666665	1.3366666666666662
22.021666666666665	1.3389999999999997
22.04166666666667	1.3386666666666662
22.061666666666667	1.3386666666666667
22.081666666666667	1.3369999999999997
22.101666666666674	1.3376666666666663
22.12166666666667	1.3366666666666662
22.141666666666655	1.3396666666666663
22.161666666666665	1.3383333333333332
22.181666666666672	1.3409999999999997
22.201666666666657	1.3366666666666662
22.221666666666664	1.338333333333333
22.241666666666667	1.3389999999999995
22.26166666666666	1.3373333333333328
22.281666666666666	1.3373333333333328
22.301666666666666	1.3403333333333332
22.321666666666662	1.3383333333333332
22.34166666666667	1.3393333333333328
22.361666666666668	1.3379999999999996
22.38166666666666	1.3393333333333333
22.40166666666667	1.3376666666666663
22.421666666666667	1.3373333333333328
22.441666666666663	1.3366666666666662
22.461666666666673	1.3366666666666664
22.48166666666667	1.3383333333333332
22.501666666666665	1.338333333333333
22.52166666666665	1.3376666666666663
22.54166666666667	1.3369999999999997
22.561666666666667	1.3379999999999996
22.581666666666667	1.337333333333333
22.601666666666674	1.3379999999999996
22.62166666666667	1.337
22.641666666666655	1.338666666666666
22.66166666666666	1.3383333333333325
22.681666666666672	1.3399999999999999
22.701666666666657	1.3396666666666663
22.721666666666664	1.3373333333333328
22.741666666666667	1.3383333333333332
22.76166666666666	1.3399999999999999
22.781666666666666	1.3389999999999997
22.801666666666677	1.3383333333333332
22.821666666666662	1.3376666666666663
22.84166666666667	1.3386666666666662
22.861666666666665	1.337333333333333
22.88166666666666	1.3389999999999995
22.90166666666667	1.339
22.921666666666667	1.3379999999999996
22.941666666666663	1.3366666666666662
22.961666666666673	1.3369999999999993
22.98166666666667	1.3373333333333328
23.001666666666665	1.3379999999999996
23.02166666666665	1.3376666666666666
23.04166666666667	1.3383333333333332
23.061666666666667	1.3369999999999997
23.081666666666667	1.3379999999999996
23.101666666666674	1.337333333333333
23.12166666666667	1.3366666666666662
23.141666666666655	1.3376666666666663
23.16166666666666	1.3393333333333328
23.181666666666672	1.3389999999999997
23.201666666666657	1.3383333333333332
23.221666666666664	1.338333333333333
23.241666666666674	1.336666666666666
23.26166666666666	1.3366666666666664
23.281666666666666	1.3396666666666666
23.301666666666677	1.3376666666666666
23.321666666666662	1.3369999999999993
23.34166666666667	1.3376666666666663
23.361666666666665	1.3399999999999999
23.38166666666666	1.3396666666666666
23.401666666666664	1.338333333333333
23.42166666666666	1.3383333333333332
23.441666666666666	1.3376666666666666
23.461666666666666	1.3379999999999996
23.48166666666667	1.3403333333333336
23.501666666666665	1.3363333333333332
23.52166666666665	1.3386666666666662
23.541666666666657	1.3373333333333328
23.56166666666667	1.338333333333333
23.581666666666667	1.3389999999999997
23.601666666666674	1.3379999999999996
23.62166666666667	1.3389999999999997
23.641666666666655	1.3393333333333333
23.66166666666666	1.3386666666666662
23.681666666666676	1.3393333333333328
23.70166666666666	1.3393333333333333
23.721666666666664	1.3386666666666662
23.741666666666667	1.3386666666666667
23.76166666666666	1.3369999999999997
23.78166666666666	1.3369999999999993
23.801666666666666	1.3393333333333333
23.821666666666662	1.3386666666666662
23.84166666666667	1.3383333333333332
23.861666666666668	1.3376666666666666
23.88166666666666	1.339666666666667
23.901666666666664	1.3386666666666667
23.92166666666666	1.3386666666666662
23.941666666666666	1.3369999999999993
23.961666666666666	1.3373333333333326
23.98166666666667	1.3386666666666667
24.001666666666665	1.3386666666666667
24.02166666666666	1.3383333333333332
24.041666666666657	1.3396666666666663
24.06166666666667	1.337333333333333
24.081666666666667	1.3373333333333328
24.101666666666674	1.3379999999999996
24.12166666666667	1.3383333333333332
24.141666666666655	1.3376666666666666
24.16166666666666	1.3383333333333332
24.181666666666676	1.3383333333333332
24.20166666666666	1.3383333333333332
24.221666666666664	1.3393333333333333
24.241666666666667	1.3386666666666662
24.26166666666666	1.3386666666666662
24.28166666666666	1.3379999999999996
24.301666666666666	1.3389999999999997
24.321666666666662	1.3369999999999993
24.34166666666667	1.3386666666666662
24.361666666666668	1.338333333333333
24.38166666666666	1.3389999999999997
24.401666666666657	1.3379999999999996
24.42166666666666	1.3386666666666662
24.44166666666667	1.339
24.461666666666666	1.3376666666666663
24.48166666666667	1.3376666666666663
24.501666666666665	1.3386666666666667
24.52166666666666	1.3379999999999996
24.541666666666664	1.3389999999999997
24.56166666666667	1.3386666666666662
24.581666666666667	1.3386666666666667
24.601666666666674	1.339
24.62166666666667	1.3383333333333332
24.641666666666655	1.3366666666666662
24.661666666666655	1.3399999999999999
24.681666666666676	1.338333333333333
24.70166666666666	1.3379999999999996
24.721666666666664	1.3376666666666663
24.741666666666664	1.3379999999999996
24.76166666666666	1.337333333333333
24.78166666666666	1.337333333333333
24.801666666666677	1.337
24.821666666666665	1.337333333333333
24.84166666666667	1.3363333333333332
24.861666666666668	1.3366666666666662
24.88166666666666	1.3366666666666664
24.90166666666666	1.3356666666666661
24.92166666666666	1.3359999999999996
24.94166666666667	1.3359999999999996
24.961666666666666	1.3356666666666666
24.98166666666667	1.3356666666666661
25.001666666666665	1.334333333333333
25.02166666666666	1.3346666666666662
25.041666666666664	1.3366666666666664
25.06166666666667	1.3363333333333332
25.081666666666656	1.335333333333333
25.101666666666674	1.3376666666666666
25.12166666666667	1.3356666666666666
25.141666666666655	1.3363333333333332
25.161666666666655	1.3346666666666664
25.181666666666676	1.3366666666666662
25.20166666666666	1.3346666666666662
25.221666666666664	1.3336666666666663
25.241666666666667	1.335333333333333
25.26166666666666	1.3346666666666662
25.28166666666666	1.3329999999999993
25.301666666666677	1.3326666666666662
25.321666666666665	1.3326666666666662
25.34166666666667	1.333333333333333
25.361666666666668	1.3336666666666668
25.38166666666666	1.332333333333333
25.40166666666666	1.3319999999999994
25.42166666666666	1.330333333333333
25.441666666666666	1.3323333333333327
25.461666666666666	1.331333333333333
25.48166666666667	1.3296666666666663
25.501666666666665	1.3306666666666664
25.52166666666666	1.330333333333333
25.541666666666664	1.3306666666666664
25.56166666666667	1.3289999999999997
25.581666666666667	1.329666666666666
25.601666666666674	1.329666666666666
25.62166666666667	1.3289999999999997
25.641666666666655	1.3286666666666662
25.66166666666665	1.3276666666666666
25.68166666666668	1.3269999999999997
25.701666666666668	1.323
25.721666666666664	1.325333333333333
25.741666666666667	1.3253333333333328
25.76166666666666	1.324333333333333
25.781666666666656	1.326333333333333
25.801666666666677	1.325333333333333
25.821666666666665	1.3233333333333333
25.84166666666667	1.3219999999999998
25.861666666666668	1.3216666666666663
25.88166666666666	1.321333333333333
25.90166666666666	1.3199999999999998
25.92166666666666	1.3196666666666665
25.94166666666667	1.3173333333333335
25.961666666666666	1.3163333333333334
25.981666666666673	1.3183333333333334
26.001666666666665	1.3203333333333331
26.021666666666654	1.315
26.041666666666664	1.3170000000000002
26.061666666666675	1.3163333333333334
26.081666666666667	1.3160000000000003
26.101666666666674	1.3153333333333335
26.12166666666667	1.3143333333333334
26.141666666666655	1.314
26.16166666666665	1.312
26.18166666666668	1.3103333333333333
26.201666666666668	1.311
26.221666666666664	1.309
26.241666666666667	1.3090000000000002
26.26166666666666	1.3076666666666665
26.281666666666656	1.3066666666666666
26.301666666666677	1.3056666666666665
26.321666666666665	1.3046666666666664
26.34166666666667	1.3033333333333332
26.361666666666668	1.3039999999999996
26.38166666666666	1.3019999999999998
26.40166666666666	1.3003333333333331
26.42166666666666	1.301
26.44166666666667	1.2986666666666666
26.461666666666666	1.297333333333333
26.481666666666673	1.297333333333333
26.501666666666665	1.2953333333333332
26.52166666666665	1.2939999999999998
26.541666666666664	1.2930000000000001
26.561666666666675	1.2913333333333332
26.581666666666667	1.2906666666666664
26.601666666666674	1.290333333333333
26.62166666666667	1.287
26.641666666666655	1.2859999999999998
26.66166666666665	1.286333333333333
26.68166666666668	1.285
26.701666666666668	1.2833333333333332
26.721666666666664	1.2816666666666663
26.741666666666674	1.2799999999999998
26.761666666666656	1.2806666666666664
26.781666666666656	1.2773333333333334
26.80166666666668	1.276333333333333
26.821666666666665	1.2743333333333329
26.84166666666667	1.273
26.861666666666668	1.2706666666666664
26.88166666666666	1.269333333333333
26.90166666666666	1.268333333333333
26.92166666666666	1.2686666666666662
26.94166666666667	1.2656666666666665
26.961666666666666	1.263
26.981666666666673	1.2609999999999997
27.001666666666665	1.2606666666666666
27.02166666666665	1.2596666666666667
27.041666666666647	1.256333333333333
27.061666666666675	1.2563333333333333
27.081666666666667	1.2533333333333336
27.101666666666674	1.253
27.12166666666667	1.2519999999999998
27.141666666666655	1.2486666666666666
27.16166666666665	1.2496666666666667
27.18166666666668	1.2459999999999996
27.201666666666668	1.243333333333333
27.221666666666664	1.241333333333333
27.241666666666674	1.2396666666666663
27.26166666666666	1.2393333333333332
27.281666666666652	1.2376666666666662
27.301666666666684	1.2369999999999994
27.321666666666673	1.2339999999999995
27.34166666666667	1.232333333333333
27.361666666666668	1.232333333333333
27.38166666666666	1.2296666666666665
27.401666666666657	1.2293333333333332
27.421666666666656	1.2266666666666663
27.44166666666667	1.2239999999999998
27.461666666666666	1.2213333333333332
27.481666666666673	1.2206666666666666
27.501666666666665	1.2176666666666667
27.52166666666665	1.2159999999999997
27.541666666666647	1.2153333333333332
27.561666666666675	1.2116666666666664
27.581666666666667	1.209333333333333
27.601666666666674	1.2079999999999997
27.62166666666667	1.2069999999999996
27.641666666666655	1.2049999999999996
27.661666666666648	1.202333333333333
27.68166666666668	1.2019999999999995
27.701666666666668	1.1983333333333328
27.721666666666664	1.1976666666666664
27.741666666666667	1.1939999999999995
27.76166666666666	1.1929999999999996
27.781666666666652	1.1893333333333334
27.801666666666677	1.1896666666666667
27.821666666666673	1.1873333333333331
27.84166666666667	1.1839999999999997
27.861666666666668	1.182
27.88166666666666	1.1789999999999998
27.901666666666657	1.1786666666666665
27.921666666666656	1.1766666666666665
27.941666666666677	1.1726666666666663
27.961666666666666	1.172333333333333
27.981666666666673	1.1686666666666663
28.001666666666665	1.1686666666666663
28.021666666666654	1.1669999999999998
28.041666666666647	1.1643333333333328
28.061666666666675	1.1616666666666666
28.081666666666667	1.1586666666666665
28.101666666666674	1.156
28.12166666666667	1.1556666666666664
28.141666666666655	1.1516666666666664
28.161666666666648	1.15
28.18166666666668	1.1486666666666665
28.201666666666668	1.145333333333333
28.221666666666664	1.142333333333333
28.241666666666667	1.1396666666666664
28.26166666666666	1.1379999999999995
28.281666666666652	1.135333333333333
28.301666666666677	1.1336666666666664
28.321666666666673	1.128333333333333
28.34166666666667	1.1276666666666666
28.361666666666668	1.125
28.38166666666666	1.1233333333333335
28.40166666666665	1.1206666666666667
28.421666666666656	1.1163333333333334
28.441666666666677	1.1150000000000002
28.461666666666666	1.1123333333333332
28.481666666666673	1.1109999999999998
28.501666666666665	1.1076666666666664
28.52166666666665	1.105
28.541666666666657	1.104333333333333
28.56166666666668	1.1003333333333332
28.581666666666667	1.0966666666666667
28.601666666666674	1.094666666666667
28.62166666666667	1.0909999999999997
28.641666666666655	1.0883333333333336
28.661666666666648	1.086
28.68166666666668	1.0846666666666667
28.70166666666667	1.0803333333333331
28.721666666666664	1.0783333333333334
28.741666666666664	1.0763333333333334
28.76166666666666	1.0726666666666667
28.781666666666652	1.0716666666666668
28.801666666666684	1.0693333333333332
28.821666666666673	1.0659999999999998
28.84166666666667	1.0613333333333335
28.861666666666668	1.059
28.88166666666666	1.0556666666666665
28.90166666666665	1.053
28.921666666666656	1.0513333333333335
28.941666666666677	1.0476666666666665
28.961666666666666	1.0473333333333334
28.981666666666673	1.0413333333333332
29.001666666666665	1.0389999999999997
29.02166666666665	1.0376666666666665
29.04166666666666	1.0326666666666666
29.06166666666668	1.031
29.081666666666667	1.0270000000000001
29.101666666666677	1.0246666666666666
29.12166666666667	1.022
29.141666666666655	1.017666666666667
29.161666666666648	1.017
29.181666666666686	1.0126666666666666
29.20166666666667	1.01
29.221666666666664	1.0056666666666665
29.241666666666667	1.0036666666666667
29.26166666666666	0.9996666666666668
29.281666666666652	0.9986666666666666
29.301666666666684	0.9939999999999999
29.321666666666673	0.9906666666666673
29.34166666666666	0.9873333333333332
29.361666666666668	0.982
29.38166666666666	0.9806666666666664
29.40166666666665	0.9783333333333333
29.421666666666656	0.9746666666666665
29.441666666666677	0.9710000000000001
29.461666666666666	0.9680000000000001
29.481666666666673	0.9646666666666666
29.501666666666665	0.9619999999999997
29.52166666666665	0.9586666666666666
29.54166666666666	0.9553333333333334
29.56166666666668	0.9516666666666667
29.581666666666667	0.9483333333333335
29.601666666666677	0.9453333333333334
29.62166666666667	0.9426666666666668
29.641666666666655	0.9400000000000001
29.661666666666648	0.9363333333333335
29.681666666666686	0.9323333333333335
29.70166666666667	0.9303333333333336
29.721666666666664	0.9270000000000003
29.741666666666667	0.925
29.76166666666666	0.9186666666666667
29.781666666666652	0.9183333333333332
29.801666666666684	0.9133333333333333
29.821666666666673	0.9096666666666666
29.84166666666667	0.9073333333333335
29.861666666666668	0.9033333333333334
29.88166666666666	0.8986666666666668
29.90166666666665	0.8953333333333335
29.921666666666656	0.8920000000000001
29.941666666666677	0.8900000000000002
29.961666666666666	0.8866666666666668
29.981666666666673	0.8830000000000001
30.001666666666665	0.8793333333333335
30.02166666666665	0.8750000000000001
30.04166666666666	0.873
30.06166666666668	0.8703333333333335
30.081666666666667	0.8663333333333335
30.101666666666677	0.8623333333333335
30.12166666666667	0.8580000000000002
30.141666666666655	0.8566666666666667
30.161666666666648	0.8516666666666668
30.181666666666686	0.849
30.20166666666667	0.8433333333333334
30.221666666666664	0.8423333333333334
30.241666666666667	0.8383333333333336
30.26166666666666	0.8350000000000002
30.281666666666645	0.8293333333333335
30.301666666666684	0.8283333333333334
30.321666666666676	0.8230000000000001
30.34166666666667	0.8193333333333334
30.361666666666668	0.8150000000000001
30.38166666666666	0.8126666666666669
30.40166666666665	0.8083333333333337
30.421666666666653	0.8053333333333336
30.441666666666677	0.8000000000000003
30.461666666666666	0.7956666666666666
30.481666666666673	0.7943333333333333
30.501666666666665	0.7906666666666666
30.52166666666665	0.7859999999999998
30.541666666666657	0.7826666666666668
30.56166666666668	0.7790000000000004
30.581666666666667	0.7753333333333334
30.601666666666677	0.7726666666666666
30.62166666666667	0.7690000000000001
30.641666666666655	0.7636666666666666
30.66166666666664	0.7610000000000001
30.681666666666686	0.7563333333333333
30.70166666666667	0.7530000000000001
30.721666666666664	0.7500000000000001
30.741666666666674	0.7449999999999999
30.761666666666656	0.7416666666666667
30.781666666666645	0.7366666666666666
30.80166666666669	0.7323333333333333
30.821666666666676	0.7289999999999999
30.84166666666667	0.7243333333333333
30.861666666666668	0.7210000000000002
30.88166666666666	0.7166666666666669
30.90166666666665	0.7140000000000001
30.921666666666653	0.7083333333333331
30.941666666666677	0.7049999999999998
30.961666666666666	0.7013333333333334
30.981666666666673	0.696
31.001666666666665	0.692
31.02166666666665	0.6890000000000002
31.041666666666643	0.6856666666666668
31.06166666666668	0.6813333333333335
31.081666666666667	0.6753333333333332
31.101666666666677	0.6726666666666665
31.12166666666667	0.6696666666666667
31.141666666666655	0.6653333333333333
31.16166666666664	0.6609999999999999
31.181666666666686	0.6586666666666667
31.20166666666667	0.6533333333333333
31.221666666666664	0.6499999999999999
31.241666666666674	0.6446666666666665
31.26166666666666	0.6396666666666666
31.281666666666645	0.6363333333333333
31.301666666666684	0.6313333333333333
31.321666666666676	0.6283333333333332
31.34166666666667	0.623
31.361666666666668	0.6200000000000001
31.38166666666666	0.6163333333333332
31.40166666666665	0.6123333333333333
31.421666666666653	0.6069999999999999
31.44166666666668	0.6033333333333333
31.461666666666662	0.599
31.481666666666673	0.5943333333333334
31.501666666666665	0.5913333333333333
31.52166666666665	0.5856666666666666
31.541666666666657	0.583
31.56166666666668	0.577
31.581666666666667	0.572
31.601666666666677	0.5676666666666667
31.62166666666667	0.564
31.641666666666655	0.5599999999999999
31.66166666666664	0.5559999999999999
31.681666666666686	0.5526666666666665
31.70166666666667	0.5473333333333332
31.721666666666664	0.5446666666666666
31.741666666666667	0.5406666666666665
31.76166666666666	0.5363333333333333
31.781666666666645	0.5316666666666665
31.801666666666684	0.5276666666666666
31.821666666666676	0.5219999999999999
31.84166666666667	0.5169999999999999
31.86166666666667	0.514
31.88166666666666	0.5093333333333332
31.90166666666665	0.5059999999999999
31.92166666666666	0.5003333333333333
31.94166666666668	0.49566666666666676
31.961666666666666	0.4906666666666666
31.981666666666673	0.4873333333333333
32.001666666666665	0.4823333333333334
32.02166666666665	0.4776666666666666
32.04166666666669	0.4743333333333333
32.06166666666668	0.46999999999999986
32.08166666666667	0.4650000000000001
32.101666666666674	0.46033333333333337
32.12166666666667	0.45733333333333326
32.14166666666665	0.4523333333333335
32.16166666666664	0.4490000000000001
32.181666666666686	0.4443333333333333
32.201666666666675	0.44066666666666676
32.22166666666668	0.43566666666666676
32.24166666666667	0.43266666666666675
32.261666666666656	0.42666666666666664
32.281666666666645	0.42333333333333345
32.30166666666669	0.41800000000000004
32.32166666666667	0.41333333333333333
32.34166666666667	0.41033333333333344
32.36166666666667	0.4070000000000001
32.38166666666666	0.40200000000000014
32.40166666666665	0.39733333333333337
32.42166666666666	0.394
32.44166666666668	0.3896666666666667
32.461666666666666	0.3860000000000001
32.48166666666667	0.38100000000000006
32.501666666666665	0.3766666666666667
32.521666666666654	0.3733333333333334
32.54166666666669	0.3696666666666667
32.56166666666668	0.3653333333333334
32.58166666666667	0.3600000000000001
32.601666666666674	0.3556666666666668
32.62166666666667	0.3520000000000001
32.64166666666665	0.34833333333333344
32.66166666666664	0.34433333333333344
32.681666666666686	0.3393333333333334
32.701666666666675	0.3340000000000001
32.72166666666668	0.3303333333333334
32.74166666666667	0.3276666666666668
32.761666666666656	0.3233333333333334
32.781666666666645	0.31900000000000006
32.80166666666669	0.31500000000000006
32.82166666666668	0.31166666666666676
32.84166666666667	0.30733333333333346
32.86166666666667	0.30266666666666675
32.88166666666666	0.3000000000000001
32.90166666666665	0.29466666666666674
32.92166666666666	0.29166666666666674
32.94166666666668	0.28733333333333344
32.961666666666666	0.2840000000000001
32.98166666666667	0.27966666666666673
33.001666666666665	0.2766666666666667
33.02166666666665	0.2713333333333334
33.04166666666666	0.2666666666666667
33.06166666666668	0.2626666666666667
33.08166666666667	0.2596666666666667
33.101666666666674	0.2546666666666667
33.12166666666667	0.2523333333333334
33.14166666666665	0.24866666666666673
33.16166666666666	0.2433333333333334
33.181666666666686	0.24000000000000005
33.201666666666675	0.23600000000000004
33.22166666666668	0.23200000000000004
33.24166666666667	0.2276666666666667
33.261666666666656	0.2253333333333334
33.281666666666645	0.2223333333333334
33.30166666666669	0.21700000000000008
33.32166666666668	0.21300000000000008
33.34166666666668	0.21000000000000008
33.36166666666667	0.2053333333333334
33.38166666666666	0.20166666666666672
33.40166666666665	0.1993333333333334
33.42166666666666	0.19533333333333341
33.44166666666668	0.19133333333333338
33.461666666666666	0.1873333333333334
33.48166666666667	0.18300000000000008
33.501666666666665	0.1803333333333334
33.521666666666654	0.17666666666666675
33.54166666666666	0.1726666666666667
33.56166666666668	0.16900000000000004
33.58166666666667	0.16466666666666668
33.601666666666674	0.16200000000000006
33.62166666666667	0.15866666666666673
33.64166666666665	0.15500000000000005
33.66166666666666	0.15033333333333337
33.681666666666686	0.14700000000000005
33.701666666666675	0.14300000000000004
33.72166666666668	0.14266666666666672
33.74166666666667	0.13633333333333336
33.761666666666656	0.13233333333333336
33.781666666666645	0.13000000000000003
33.80166666666669	0.12833333333333335
33.82166666666668	0.1246666666666667
33.84166666666668	0.12133333333333336
33.86166666666667	0.11800000000000002
33.88166666666666	0.1136666666666667
33.90166666666665	0.11166666666666669
33.92166666666666	0.10766666666666669
33.94166666666668	0.10400000000000001
33.96166666666667	0.101
33.98166666666667	0.09833333333333336
34.001666666666665	0.09500000000000003
34.021666666666654	0.09200000000000003
34.04166666666666	0.08900000000000002
34.06166666666668	0.08633333333333335
34.08166666666667	0.08400000000000002
34.101666666666674	0.08033333333333334
34.12166666666667	0.07733333333333334
34.14166666666665	0.07533333333333334
34.16166666666666	0.07366666666666669
34.181666666666686	0.06933333333333334
34.201666666666675	0.06833333333333334
34.22166666666668	0.06466666666666668
34.24166666666667	0.06200000000000001
34.261666666666656	0.06066666666666668
34.281666666666645	0.05833333333333335
34.301666666666684	0.05666666666666668
34.32166666666668	0.05466666666666668
34.34166666666668	0.05266666666666668
34.36166666666667	0.05066666666666667
34.38166666666666	0.049
34.40166666666665	0.045333333333333344
34.42166666666665	0.04366666666666667
34.441666666666684	0.04266666666666667
34.46166666666667	0.04200000000000001
34.48166666666667	0.03900000000000001
34.501666666666665	0.03766666666666667
34.521666666666654	0.036666666666666674
34.54166666666666	0.03533333333333334
34.56166666666668	0.03333333333333334
34.58166666666668	0.03300000000000001
34.601666666666674	0.030000000000000013
34.62166666666667	0.029666666666666675
34.64166666666665	0.028666666666666677
34.66166666666666	0.027666666666666676
34.681666666666686	0.02733333333333334
34.701666666666675	0.02700000000000001
34.72166666666668	0.024666666666666674
34.74166666666667	0.024000000000000007
34.761666666666656	0.02400000000000001
34.781666666666645	0.021333333333333343
34.80166666666669	0.02200000000000001
34.82166666666668	0.019666666666666673
34.84166666666668	0.021333333333333343
34.86166666666667	0.020666666666666673
34.88166666666666	0.020333333333333342
34.90166666666665	0.019000000000000003
34.92166666666665	0.01866666666666667
34.941666666666684	0.01866666666666667
34.96166666666667	0.018000000000000002
34.98166666666667	0.01766666666666667
35.001666666666665	0.01733333333333334
35.02166666666665	0.017000000000000008
35.04166666666666	0.01666666666666667
35.06166666666668	0.01733333333333334
35.08166666666667	0.014666666666666672
35.101666666666674	0.016000000000000007
35.12166666666667	0.016666666666666673
35.14166666666665	0.016000000000000007
35.16166666666666	0.015666666666666672
35.181666666666686	0.014333333333333339
35.201666666666675	0.014000000000000007
35.22166666666668	0.015666666666666676
35.24166666666667	0.015000000000000008
35.261666666666656	0.015666666666666676
35.281666666666645	0.01533333333333334
35.30166666666669	0.01533333333333334
35.32166666666668	0.016000000000000007
35.34166666666668	0.016000000000000007
35.36166666666667	0.015666666666666676
35.38166666666666	0.014000000000000007
35.40166666666665	0.015666666666666676
35.42166666666665	0.015666666666666676
35.441666666666684	0.015333333333333341
35.46166666666667	0.015666666666666676
35.48166666666667	0.015000000000000008
35.501666666666665	0.014666666666666675
35.52166666666665	0.014666666666666675
35.54166666666666	0.015000000000000008
35.56166666666668	0.015666666666666676
35.58166666666668	0.015000000000000008
35.601666666666674	0.015333333333333341
35.62166666666667	0.015333333333333341
35.64166666666665	0.015666666666666676
35.661666666666655	0.015666666666666676
35.681666666666686	0.015000000000000008
35.701666666666675	0.01433333333333334
35.72166666666668	0.015000000000000008
35.74166666666667	0.014000000000000007
35.761666666666656	0.015000000000000008
35.781666666666645	0.014666666666666675
35.80166666666669	0.015333333333333341
35.82166666666668	0.015333333333333341
35.84166666666668	0.01433333333333334
35.86166666666667	0.013666666666666674
35.88166666666666	0.015000000000000008
35.90166666666665	0.015333333333333341
35.92166666666665	0.014000000000000007
35.941666666666684	0.015666666666666676
35.96166666666667	0.015000000000000008
35.98166666666667	0.01433333333333334
36.001666666666665	0.015000000000000008
36.02166666666665	0.015333333333333341
36.04166666666666	0.015000000000000008
36.06166666666668	0.01433333333333334
36.08166666666667	0.015333333333333341
36.101666666666674	0.015666666666666676
36.12166666666667	0.015000000000000008
36.14166666666665	0.013666666666666674
36.161666666666655	0.014666666666666675
36.181666666666686	0.014666666666666675
36.201666666666675	0.014666666666666675
36.22166666666668	0.015666666666666676
36.24166666666667	0.014666666666666675
36.261666666666656	0.01433333333333334
36.28166666666666	0.015666666666666676
36.30166666666669	0.014666666666666675
36.32166666666668	0.015000000000000008
36.34166666666668	0.01433333333333334
36.36166666666667	0.014666666666666675
36.38166666666666	0.016333333333333342
36.40166666666665	0.015333333333333341
36.42166666666665	0.015333333333333341
36.44166666666668	0.015000000000000008
36.46166666666669	0.015666666666666676
36.48166666666667	0.015666666666666676
36.501666666666665	0.01433333333333334
36.52166666666665	0.015666666666666676
36.54166666666666	0.014666666666666675
36.56166666666668	0.016333333333333342
36.58166666666667	0.016000000000000007
36.601666666666674	0.015666666666666676
36.62166666666667	0.014666666666666675
36.64166666666665	0.015666666666666676
36.661666666666655	0.015000000000000008
36.68166666666668	0.015666666666666676
36.70166666666668	0.016000000000000007
36.72166666666668	0.015666666666666676
36.74166666666667	0.01433333333333334
36.761666666666656	0.013666666666666674
36.781666666666645	0.015000000000000008
36.801666666666684	0.013666666666666674
36.82166666666669	0.01433333333333334
36.84166666666668	0.014000000000000007
36.86166666666667	0.01533333333333334
36.88166666666666	0.01433333333333334
36.90166666666665	0.014666666666666675
36.92166666666665	0.013666666666666674
36.94166666666668	0.01433333333333334
36.96166666666667	0.01433333333333334
36.98166666666667	0.015333333333333341
37.001666666666665	0.014666666666666675
37.02166666666665	0.014000000000000007
37.04166666666665	0.014666666666666675
37.06166666666668	0.015000000000000008
37.08166666666668	0.014000000000000007
37.101666666666674	0.014000000000000007
37.12166666666666	0.013666666666666674
37.14166666666665	0.014000000000000007
37.161666666666655	0.014666666666666675
37.18166666666668	0.01433333333333334
37.20166666666668	0.015333333333333341
37.22166666666668	0.01333333333333334
37.24166666666667	0.015333333333333341
37.261666666666656	0.014666666666666675
37.281666666666645	0.01433333333333334
37.301666666666684	0.01433333333333334
37.32166666666669	0.01433333333333334
37.34166666666668	0.015000000000000008
37.36166666666667	0.01333333333333334
37.38166666666666	0.015000000000000008
37.40166666666665	0.015000000000000008
37.42166666666665	0.015333333333333341
37.44166666666668	0.015000000000000008
37.46166666666667	0.01433333333333334
37.481666666666676	0.015000000000000008
37.501666666666665	0.015333333333333341
37.52166666666665	0.015666666666666676
37.54166666666665	0.014666666666666675
37.56166666666668	0.014666666666666675
37.58166666666668	0.01433333333333334
37.601666666666674	0.015666666666666676
37.62166666666666	0.013666666666666674
37.64166666666665	0.014666666666666675
37.661666666666655	0.015000000000000008
37.68166666666668	0.015333333333333341
37.70166666666668	0.015333333333333341
37.72166666666668	0.014666666666666675
37.74166666666667	0.015000000000000008
37.761666666666656	0.014666666666666675
37.781666666666645	0.01433333333333334
37.801666666666684	0.015333333333333341
37.82166666666669	0.015333333333333341
37.84166666666668	0.01433333333333334
37.86166666666667	0.014666666666666675
37.88166666666666	0.015333333333333341
37.90166666666665	0.01433333333333334
37.92166666666665	0.015000000000000008
37.94166666666668	0.015333333333333341
37.96166666666667	0.015333333333333341
37.981666666666676	0.01333333333333334
38.001666666666665	0.01433333333333334
38.02166666666665	0.01333333333333334
38.041666666666686	0.014000000000000007
38.06166666666668	0.01433333333333334
38.08166666666668	0.01433333333333334
38.101666666666674	0.013666666666666674
38.12166666666667	0.01333333333333334
38.14166666666665	0.015333333333333341
38.161666666666655	0.01433333333333334
38.18166666666668	0.01433333333333334
38.20166666666668	0.015000000000000008
38.22166666666668	0.015000000000000008
38.24166666666667	0.01433333333333334
38.261666666666656	0.015000000000000008
38.281666666666645	0.015000000000000008
38.301666666666684	0.015000000000000008
38.32166666666669	0.01433333333333334
38.34166666666668	0.015666666666666672
38.36166666666667	0.016000000000000007
38.38166666666666	0.015333333333333341
38.40166666666665	0.014666666666666675
38.42166666666665	0.015333333333333341
38.44166666666668	0.015000000000000008
38.46166666666667	0.015000000000000008
38.481666666666676	0.015333333333333341
38.501666666666665	0.015666666666666676
38.52166666666665	0.015333333333333341
38.541666666666686	0.015666666666666676
38.56166666666668	0.015333333333333341
38.58166666666668	0.01433333333333334
38.601666666666674	0.01333333333333334
38.62166666666667	0.015000000000000008
38.64166666666665	0.015000000000000008
38.66166666666664	0.015666666666666672
38.68166666666668	0.015333333333333341
38.70166666666668	0.015333333333333341
38.72166666666668	0.015333333333333341
38.74166666666667	0.015666666666666676
38.761666666666656	0.015333333333333341
38.781666666666645	0.015333333333333341
38.801666666666684	0.014666666666666675
38.82166666666669	0.014666666666666675
38.84166666666668	0.014666666666666675
38.86166666666667	0.015333333333333341
38.88166666666666	0.014000000000000007
38.90166666666665	0.014666666666666675
38.92166666666665	0.01433333333333334
38.94166666666668	0.01433333333333334
38.96166666666667	0.01333333333333334
38.98166666666667	0.014000000000000007
39.001666666666665	0.015000000000000008
39.02166666666665	0.015000000000000008
39.041666666666686	0.015000000000000008
39.06166666666668	0.015000000000000008
39.08166666666668	0.014666666666666675
39.101666666666674	0.014666666666666675
39.12166666666667	0.014000000000000007
39.14166666666665	0.014666666666666675
39.16166666666664	0.01433333333333334
39.18166666666668	0.015000000000000008
39.20166666666668	0.014000000000000007
39.22166666666668	0.01433333333333334
39.24166666666667	0.014666666666666675
39.261666666666656	0.015333333333333341
39.281666666666645	0.014666666666666675
39.301666666666684	0.01433333333333334
39.32166666666669	0.013000000000000006
39.34166666666667	0.01433333333333334
39.36166666666667	0.015333333333333341
39.38166666666666	0.014666666666666675
39.40166666666665	0.014666666666666675
39.42166666666665	0.015333333333333341
39.44166666666668	0.015333333333333341
39.46166666666667	0.014666666666666675
39.481666666666676	0.015000000000000008
39.501666666666665	0.016000000000000007
39.521666666666654	0.01433333333333334
39.541666666666686	0.01433333333333334
39.56166666666668	0.015333333333333341
39.58166666666668	0.015000000000000008
39.601666666666674	0.015333333333333341
39.62166666666666	0.01433333333333334
39.64166666666665	0.014666666666666675
39.66166666666664	0.01433333333333334
39.68166666666668	0.015333333333333341
39.70166666666668	0.015333333333333341
39.72166666666668	0.014666666666666675
39.74166666666667	0.01433333333333334
39.761666666666656	0.014666666666666675
39.781666666666645	0.015000000000000008
39.801666666666684	0.01433333333333334
39.82166666666669	0.014666666666666675
39.84166666666667	0.015000000000000008
39.86166666666667	0.014000000000000007
39.88166666666666	0.014666666666666675
39.90166666666665	0.016000000000000007
39.92166666666665	0.015000000000000008
39.94166666666669	0.015666666666666676
39.96166666666667	0.014666666666666675
39.981666666666676	0.014000000000000007
40.001666666666665	0.013666666666666674
40.021666666666654	0.014666666666666675
40.041666666666686	0.015666666666666676
40.06166666666668	0.014000000000000007
40.08166666666668	0.015000000000000008
40.101666666666674	0.01433333333333334
40.12166666666667	0.01433333333333334
40.14166666666665	0.015000000000000008
40.16166666666664	0.014000000000000007
40.18166666666668	0.01433333333333334
40.20166666666668	0.01433333333333334
40.22166666666668	0.015666666666666676
40.24166666666667	0.01433333333333334
40.261666666666656	0.015666666666666676
40.281666666666645	0.015333333333333341
40.301666666666684	0.015000000000000008
40.32166666666669	0.015666666666666676
40.34166666666667	0.015000000000000008
40.36166666666667	0.014666666666666675
40.38166666666666	0.015666666666666676
40.40166666666665	0.016000000000000007
40.42166666666665	0.016000000000000007
40.44166666666669	0.015000000000000008
40.46166666666667	0.016000000000000007
40.481666666666676	0.014666666666666675
40.501666666666665	0.015000000000000008
40.521666666666654	0.015333333333333341
40.541666666666686	0.014666666666666675
40.561666666666696	0.015666666666666672
40.58166666666668	0.015000000000000008
40.601666666666674	0.01433333333333334
40.62166666666667	0.014000000000000007
40.64166666666665	0.015000000000000006
40.66166666666664	0.014666666666666675
40.68166666666668	0.015666666666666676
40.70166666666668	0.015000000000000008
40.72166666666668	0.015000000000000008
40.74166666666667	0.015333333333333341
40.761666666666656	0.016000000000000007
40.781666666666645	0.015000000000000008
40.801666666666684	0.014000000000000007
40.82166666666669	0.014000000000000007
40.84166666666667	0.014000000000000007
40.86166666666667	0.014666666666666675
40.88166666666666	0.015333333333333341
40.90166666666665	0.014000000000000007
40.92166666666665	0.014000000000000007
40.94166666666669	0.01433333333333334
40.96166666666667	0.01433333333333334
40.98166666666667	0.01433333333333334
41.001666666666665	0.014000000000000007
41.02166666666665	0.015000000000000008
41.04166666666665	0.01433333333333334
41.061666666666696	0.014000000000000007
41.08166666666668	0.01433333333333334
41.101666666666674	0.014000000000000007
41.12166666666667	0.014666666666666675
41.14166666666665	0.015666666666666676
41.161666666666655	0.015666666666666676
41.18166666666668	0.01433333333333334
41.20166666666668	0.013666666666666674
41.22166666666668	0.01433333333333334
41.24166666666667	0.016000000000000007
41.261666666666656	0.015666666666666676
41.281666666666645	0.014666666666666675
41.30166666666668	0.015666666666666676
41.32166666666669	0.015000000000000008
41.34166666666668	0.015000000000000008
41.36166666666667	0.01433333333333334
41.38166666666666	0.015333333333333341
41.40166666666665	0.015333333333333341
41.42166666666665	0.015000000000000008
41.44166666666669	0.013666666666666674
41.46166666666667	0.015666666666666672
41.48166666666667	0.015666666666666676
41.501666666666665	0.01433333333333334
41.52166666666665	0.015333333333333341
41.54166666666665	0.014666666666666675
41.561666666666696	0.015000000000000008
41.58166666666668	0.014666666666666675
41.601666666666674	0.014666666666666675
41.62166666666667	0.015666666666666676
41.64166666666665	0.01433333333333334
41.661666666666655	0.014000000000000007
41.68166666666668	0.015333333333333341
41.70166666666668	0.015000000000000008
41.72166666666668	0.015000000000000008
41.74166666666667	0.015333333333333341
41.761666666666656	0.015000000000000008
41.781666666666645	0.015666666666666676
41.80166666666668	0.01433333333333334
41.82166666666669	0.014666666666666675
41.84166666666668	0.01433333333333334
41.86166666666667	0.014000000000000007
41.88166666666666	0.01433333333333334
41.90166666666665	0.01433333333333334
41.92166666666665	0.01333333333333334
41.94166666666669	0.015000000000000008
41.96166666666667	0.013666666666666674
41.98166666666667	0.01333333333333334
42.001666666666665	0.01433333333333334
42.02166666666665	0.013666666666666674
42.04166666666665	0.014000000000000007
42.061666666666675	0.014666666666666675
42.08166666666668	0.01333333333333334
42.101666666666674	0.014666666666666675
42.12166666666667	0.01433333333333334
42.14166666666665	0.015000000000000008
42.161666666666655	0.014000000000000007
42.18166666666668	0.015000000000000008
42.20166666666668	0.015333333333333341
42.22166666666668	0.014666666666666675
42.24166666666667	0.015000000000000008
42.261666666666656	0.01433333333333334
42.281666666666645	0.015000000000000008
42.301666666666684	0.016000000000000007
42.32166666666669	0.015666666666666676
42.34166666666668	0.015666666666666676
42.36166666666667	0.014666666666666675
42.38166666666666	0.014666666666666675
42.40166666666665	0.016000000000000007
42.42166666666665	0.015666666666666676
42.44166666666669	0.015000000000000008
42.46166666666667	0.014666666666666675
42.48166666666667	0.01533333333333334
42.501666666666665	0.015666666666666676
42.52166666666665	0.014666666666666675
42.54166666666665	0.015333333333333341
42.561666666666696	0.015666666666666672
42.58166666666668	0.014666666666666675
42.601666666666674	0.015666666666666676
42.62166666666667	0.015000000000000008
42.64166666666665	0.015666666666666676
42.661666666666655	0.014666666666666675
42.68166666666668	0.01433333333333334
42.70166666666668	0.01433333333333334
42.72166666666668	0.015000000000000008
42.741666666666674	0.015000000000000008
42.76166666666666	0.015000000000000008
42.781666666666645	0.014666666666666675
42.80166666666668	0.014666666666666675
42.82166666666669	0.01433333333333334
42.84166666666668	0.014666666666666675
42.86166666666668	0.014000000000000007
42.88166666666667	0.014666666666666675
42.90166666666665	0.015333333333333341
42.92166666666665	0.015000000000000008
42.94166666666669	0.014000000000000007
42.96166666666668	0.01433333333333334
42.98166666666667	0.015666666666666676
43.001666666666665	0.014666666666666675
43.021666666666654	0.014666666666666675
43.04166666666664	0.013666666666666674
43.061666666666696	0.01433333333333334
43.08166666666668	0.014666666666666672
43.101666666666674	0.014666666666666675
43.12166666666667	0.015000000000000008
43.14166666666666	0.015333333333333341
43.16166666666665	0.013666666666666674
43.18166666666667	0.015000000000000008
43.20166666666668	0.015333333333333341
43.22166666666668	0.015333333333333341
43.241666666666674	0.014000000000000007
43.26166666666666	0.01433333333333334
43.281666666666645	0.014666666666666675
43.30166666666668	0.015000000000000008
43.32166666666669	0.015000000000000008
43.34166666666668	0.015666666666666676
43.36166666666668	0.014666666666666675
43.38166666666666	0.01433333333333334
43.40166666666665	0.015000000000000008
43.42166666666665	0.015000000000000008
43.44166666666669	0.01433333333333334
43.46166666666667	0.015000000000000008
43.48166666666668	0.015000000000000008
43.501666666666665	0.015666666666666676
43.521666666666654	0.014666666666666675
43.54166666666666	0.015333333333333341
43.561666666666696	0.015333333333333341
43.58166666666668	0.014666666666666675
43.601666666666674	0.014666666666666675
43.62166666666667	0.014666666666666675
43.64166666666666	0.015333333333333341
43.66166666666665	0.014000000000000007
43.68166666666667	0.015333333333333341
43.70166666666668	0.015333333333333341
43.72166666666668	0.015333333333333341
43.741666666666674	0.015000000000000008
43.76166666666666	0.015000000000000008
43.78166666666665	0.015000000000000008
43.80166666666668	0.014666666666666675
43.82166666666669	0.015333333333333341
43.84166666666668	0.015000000000000008
43.86166666666668	0.015000000000000008
43.88166666666666	0.014666666666666675
43.90166666666665	0.014666666666666675
43.92166666666665	0.015000000000000008
43.94166666666667	0.014666666666666675
43.96166666666669	0.015000000000000008
43.98166666666668	0.015000000000000008
44.001666666666665	0.014666666666666675
44.021666666666654	0.015000000000000008
44.04166666666666	0.014666666666666675
44.061666666666696	0.014666666666666675
44.08166666666668	0.014000000000000007
44.101666666666674	0.013000000000000006
44.12166666666667	0.01433333333333334
44.14166666666666	0.015666666666666676
44.16166666666665	0.01433333333333334
44.18166666666667	0.01333333333333334
44.20166666666668	0.01433333333333334
44.22166666666668	0.014666666666666675
44.241666666666674	0.015000000000000008
44.26166666666666	0.014666666666666675
44.281666666666645	0.016000000000000007
44.30166666666668	0.015666666666666676
44.32166666666669	0.015666666666666676
44.34166666666668	0.015333333333333341
44.36166666666668	0.015666666666666676
44.38166666666666	0.015666666666666676
44.40166666666665	0.015333333333333341
44.42166666666665	0.015333333333333341
44.44166666666667	0.015666666666666676
44.46166666666669	0.014666666666666675
44.48166666666668	0.016000000000000007
44.501666666666665	0.015000000000000008
44.521666666666654	0.015333333333333341
44.54166666666666	0.015333333333333341
44.561666666666696	0.015333333333333341
44.58166666666668	0.014666666666666675
44.601666666666674	0.01433333333333334
44.62166666666667	0.015000000000000008
44.64166666666666	0.015000000000000008
44.66166666666665	0.015333333333333341
44.68166666666667	0.015666666666666676
44.70166666666668	0.014000000000000007
44.72166666666667	0.015666666666666672
44.741666666666674	0.015666666666666676
44.76166666666666	0.01433333333333334
44.78166666666665	0.015333333333333341
44.80166666666668	0.014666666666666675
44.82166666666669	0.01433333333333334
44.84166666666668	0.015000000000000008
44.86166666666668	0.013666666666666674
44.88166666666666	0.01433333333333334
44.90166666666665	0.015000000000000008
44.92166666666665	0.013000000000000006
44.94166666666666	0.014000000000000007
44.96166666666667	0.014666666666666675
44.98166666666668	0.015000000000000008
45.00166666666667	0.014666666666666675
45.021666666666654	0.015000000000000008
45.04166666666666	0.01333333333333334
45.061666666666696	0.014000000000000007
45.08166666666668	0.015000000000000008

